286 286 286 286 286 286 286 286 286 286 286 286 286 286 286 286 286 286 286 286 286 286 286 286 286 286 286 286 286 286 286 286 286 286 286 286 286 286 286 286 286 286 286 286 286 286 286 286 286 286 286 286 286 286 286 286 286 286 286 286 286 286 286 286 286 286 286 286 286 286 286 286 286 286 286 286 286 286 286 286 286 286 286 286 286 286 286 286 286 286 286 286 286 286 286 286 286 286 286 286 286 
286 286 286 286 286 286 286 286 286.002 286.011 286.083 286.092 286.094 286.094 286.094 286.094 286.094 286.094 286.094 286.092 286.083 286.011 286.002 286 286 286 286 286 286 286 286 286 286 286 286 286 286 286 286 286 286 286 286 286 286 286 286 286 286.001 286.008 286.062 286.069 286.07 286.07 286.07 286.07 286.07 286.07 286.07 286.069 286.062 286.008 286.001 286 286 286 286 286 286 286 286 286 286 286 286 286 286 286 286 286 286 286 286 286 286 286 286 286 286 286 286 286 286 286 286 286 286 286 286 286 286 
286 286 286 286 286 286 286 286.001 286.005 286.03 286.158 286.183 286.187 286.188 286.188 286.188 286.188 286.188 286.187 286.183 286.158 286.03 286.005 286.001 286 286 286 286 286 286 286 286 286 286 286 286 286 286 286 286 286 286 286 286 286 286 286 286.001 286.004 286.023 286.118 286.137 286.14 286.141 286.141 286.141 286.141 286.141 286.14 286.137 286.118 286.023 286.004 286.001 286 286 286 286 286 286 286 286 286 286 286 286 286 286 286 286 286 286 286 286 286 286 286 286 286 286 286 286 286 286 286 286 286 286 286 286 286 
286 286 286 286 286 286 286 286.002 286.011 286.054 286.228 286.271 286.28 286.282 286.282 286.282 286.282 286.282 286.28 286.271 286.228 286.054 286.011 286.002 286 286 286 286 286 286 286 286 286 286 286 286 286 286 286 286 286 286 286 286 286 286 286 286.002 286.009 286.041 286.171 286.203 286.21 286.211 286.211 286.211 286.211 286.211 286.21 286.203 286.171 286.041 286.009 286.002 286 286 286 286 286 286 286 286 286 286 286 286 286 286 286 286 286 286 286 286 286 286 286 286 286 286 286 286 286 286 286 286 286 286 286 286 286 
286 286 286 286 286 286 286.001 286.004 286.02 286.082 286.294 286.356 286.371 286.375 286.376 286.376 286.376 286.375 286.371 286.356 286.294 286.082 286.02 286.004 286.001 286 286 286 286 286 286 286 286 286 286 286 286 286 286 286 286 286 286 286 286 286 286.001 286.003 286.015 286.061 286.221 286.267 286.279 286.281 286.282 286.282 286.282 286.281 286.279 286.267 286.221 286.061 286.015 286.003 286.001 286 286 286 286 286 286 286 286 286 286 286 286 286 286 286 286 286 286 286 286 286 286 286 286 286 286 286 286 286 286 286 286 286 286 286 286 
286 286 286 286 286 286 286.002 286.008 286.031 286.112 286.358 286.439 286.462 286.468 286.47 286.47 286.47 286.468 286.462 286.439 286.358 286.112 286.031 286.008 286.002 286 286 286 286 286 286 286 286 286 286 286 286 286 286 286 286 286 286 286 286 286 286.001 286.006 286.023 286.084 286.268 286.329 286.347 286.351 286.352 286.352 286.352 286.351 286.347 286.329 286.268 286.084 286.023 286.006 286.001 286 286 286 286 286 286 286 286 286 286 286 286 286 286 286 286 286 286 286 286 286 286 286 286 286 286 286 286 286 286 286 286 286 286 286 286 
286 286 286 286 286 286.001 286.003 286.012 286.043 286.144 286.42 286.521 286.552 286.561 286.563 286.564 286.563 286.561 286.552 286.521 286.42 286.144 286.043 286.012 286.003 286.001 286 286 286 286 286 286 286 286 286 286 286 286 286 286 286 286 286 286 286 286.001 286.002 286.009 286.032 286.108 286.315 286.39 286.414 286.421 286.422 286.423 286.422 286.421 286.414 286.39 286.315 286.108 286.032 286.009 286.002 286.001 286 286 286 286 286 286 286 286 286 286 286 286 286 286 286 286 286 286 286 286 286 286 286 286 286 286 286 286 286 286 286 286 286 286 286 
286 286 286 286 286 286.001 286.005 286.017 286.058 286.178 286.48 286.6 286.641 286.653 286.657 286.657 286.657 286.653 286.641 286.6 286.48 286.178 286.058 286.017 286.005 286.001 286 286 286 286 286 286 286 286 286 286 286 286 286 286 286 286 286 286 286 286.001 286.003 286.013 286.043 286.133 286.36 286.45 286.481 286.49 286.492 286.493 286.492 286.49 286.481 286.45 286.36 286.133 286.043 286.013 286.003 286.001 286 286 286 286 286 286 286 286 286 286 286 286 286 286 286 286 286 286 286 286 286 286 286 286 286 286 286 286 286 286 286 286 286 286 286 
286 286 286 286 286 286.002 286.007 286.023 286.074 286.212 286.54 286.678 286.729 286.745 286.75 286.751 286.75 286.745 286.729 286.678 286.54 286.212 286.074 286.023 286.007 286.002 286 286 286 286 286 286 286 286 286 286 286 286 286 286 286 286 286 286 286 286.001 286.005 286.017 286.055 286.159 286.405 286.509 286.546 286.559 286.562 286.563 286.562 286.559 286.546 286.509 286.405 286.159 286.055 286.017 286.005 286.001 286 286 286 286 286 286 286 286 286 286 286 286 286 286 286 286 286 286 286 286 286 286 286 286 286 286 286 286 286 286 286 286 286 286 286 
286 286 286 286 286.001 286.003 286.009 286.03 286.091 286.248 286.598 286.754 286.815 286.836 286.843 286.844 286.843 286.836 286.815 286.754 286.598 286.248 286.091 286.03 286.009 286.003 286.001 286 286 286 286 286 286 286 286 286 286 286 286 286 286 286 286 286 286.001 286.002 286.007 286.023 286.068 286.186 286.449 286.566 286.612 286.627 286.632 286.633 286.632 286.627 286.612 286.566 286.449 286.186 286.068 286.023 286.007 286.002 286.001 286 286 286 286 286 286 286 286 286 286 286 286 286 286 286 286 286 286 286 286 286 286 286 286 286 286 286 286 286 286 286 286 286 286 
286 286 286 286 286.001 286.004 286.013 286.039 286.11 286.284 286.656 286.83 286.901 286.927 286.936 286.938 286.936 286.927 286.901 286.83 286.656 286.284 286.11 286.039 286.013 286.004 286.001 286 286 286 286 286 286 286 286 286 286 286 286 286 286 286 286 286 286.001 286.003 286.009 286.029 286.083 286.213 286.492 286.622 286.676 286.695 286.702 286.703 286.702 286.695 286.676 286.622 286.492 286.213 286.083 286.029 286.009 286.003 286.001 286 286 286 286 286 286 286 286 286 286 286 286 286 286 286 286 286 286 286 286 286 286 286 286 286 286 286 286 286 286 286 286 286 286 
286 286 286 286 286.002 286.005 286.016 286.048 286.13 286.321 286.713 286.904 286.986 287.017 287.028 287.031 287.028 287.017 286.986 286.904 286.713 286.321 286.13 286.048 286.016 286.005 286.002 286 286 286 286 286 286 286 286 286 286 286 286 286 286 286 286 286 286.001 286.004 286.012 286.036 286.098 286.241 286.535 286.678 286.739 286.763 286.771 286.773 286.771 286.763 286.739 286.678 286.535 286.241 286.098 286.036 286.012 286.004 286.001 286 286 286 286 286 286 286 286 286 286 286 286 286 286 286 286 286 286 286 286 286 286 286 286 286 286 286 286 286 286 286 286 286 286 
286 286 286 286.001 286.002 286.007 286.021 286.058 286.151 286.358 286.77 286.977 287.07 287.107 287.12 287.124 287.12 287.107 287.07 286.977 286.77 286.358 286.151 286.058 286.021 286.007 286.002 286.001 286 286 286 286 286 286 286 286 286 286 286 286 286 286 286 286 286.002 286.005 286.015 286.044 286.113 286.269 286.577 286.733 286.802 286.83 286.84 286.843 286.84 286.83 286.802 286.733 286.577 286.269 286.113 286.044 286.015 286.005 286.002 286 286 286 286 286 286 286 286 286 286 286 286 286 286 286 286 286 286 286 286 286 286 286 286 286 286 286 286 286 286 286 286 286 286 
286 286 286 286.001 286.003 286.009 286.026 286.069 286.173 286.396 286.826 287.049 287.153 287.196 287.212 287.216 287.212 287.196 287.153 287.049 286.826 286.396 286.173 286.069 286.026 286.009 286.003 286.001 286 286 286 286 286 286 286 286 286 286 286 286 286 286 286 286.001 286.002 286.007 286.019 286.052 286.13 286.297 286.619 286.787 286.864 286.897 286.909 286.912 286.909 286.897 286.864 286.787 286.619 286.297 286.13 286.052 286.019 286.007 286.002 286.001 286 286 286 286 286 286 286 286 286 286 286 286 286 286 286 286 286 286 286 286 286 286 286 286 286 286 286 286 286 286 286 286 286 
286 286 286 286.001 286.004 286.011 286.031 286.081 286.196 286.434 286.881 287.12 287.235 287.284 287.303 287.308 287.303 287.284 287.235 287.12 286.881 286.434 286.196 286.081 286.031 286.011 286.004 286.001 286 286 286 286 286 286 286 286 286 286 286 286 286 286 286 286.001 286.003 286.008 286.023 286.061 286.147 286.326 286.661 286.84 286.926 286.963 286.978 286.981 286.978 286.963 286.926 286.84 286.661 286.326 286.147 286.061 286.023 286.008 286.003 286.001 286 286 286 286 286 286 286 286 286 286 286 286 286 286 286 286 286 286 286 286 286 286 286 286 286 286 286 286 286 286 286 286 286 
286 286 286 286.002 286.005 286.014 286.037 286.094 286.219 286.473 286.937 287.191 287.316 287.372 287.394 287.4 287.394 287.372 287.316 287.191 286.937 286.473 286.219 286.094 286.037 286.014 286.005 286.002 286 286 286 286 286 286 286 286 286 286 286 286 286 286 286 286.001 286.004 286.01 286.028 286.07 286.164 286.355 286.703 286.893 286.987 287.029 287.046 287.05 287.046 287.029 286.987 286.893 286.703 286.355 286.164 286.07 286.028 286.01 286.004 286.001 286 286 286 286 286 286 286 286 286 286 286 286 286 286 286 286 286 286 286 286 286 286 286 286 286 286 286 286 286 286 286 286 286 
286 286 286.001 286.002 286.006 286.017 286.044 286.107 286.243 286.512 286.992 287.26 287.396 287.459 287.485 287.492 287.485 287.459 287.396 287.26 286.992 286.512 286.243 286.107 286.044 286.017 286.006 286.002 286.001 286 286 286 286 286 286 286 286 286 286 286 286 286 286 286.002 286.005 286.013 286.033 286.08 286.182 286.384 286.744 286.945 287.047 287.094 287.114 287.119 287.114 287.094 287.047 286.945 286.744 286.384 286.182 286.08 286.033 286.013 286.005 286.002 286 286 286 286 286 286 286 286 286 286 286 286 286 286 286 286 286 286 286 286 286 286 286 286 286 286 286 286 286 286 286 286 286 
286 286 286.001 286.003 286.007 286.02 286.051 286.121 286.268 286.551 287.047 287.329 287.476 287.546 287.575 287.583 287.575 287.546 287.476 287.329 287.047 286.551 286.268 286.121 286.051 286.02 286.007 286.003 286.001 286 286 286 286 286 286 286 286 286 286 286 286 286 286.001 286.002 286.006 286.015 286.038 286.091 286.201 286.413 286.785 286.997 287.107 287.159 287.181 287.187 287.181 287.159 287.107 286.997 286.785 286.413 286.201 286.091 286.038 286.015 286.006 286.002 286.001 286 286 286 286 286 286 286 286 286 286 286 286 286 286 286 286 286 286 286 286 286 286 286 286 286 286 286 286 286 286 286 286 
286 286 286.001 286.003 286.009 286.024 286.059 286.136 286.294 286.59 287.101 287.398 287.555 287.632 287.665 287.673 287.665 287.632 287.555 287.398 287.101 286.59 286.294 286.136 286.059 286.024 286.009 286.003 286.001 286 286 286 286 286 286 286 286 286 286 286 286 286 286.001 286.002 286.007 286.018 286.044 286.102 286.22 286.443 286.826 287.048 287.167 287.224 287.248 287.255 287.248 287.224 287.167 287.048 286.826 286.443 286.22 286.102 286.044 286.018 286.007 286.002 286.001 286 286 286 286 286 286 286 286 286 286 286 286 286 286 286 286 286 286 286 286 286 286 286 286 286 286 286 286 286 286 286 286 
286 286 286.001 286.004 286.011 286.028 286.067 286.151 286.32 286.63 287.156 287.466 287.634 287.717 287.754 287.764 287.754 287.717 287.634 287.466 287.156 286.63 286.32 286.151 286.067 286.028 286.011 286.004 286.001 286 286 286 286 286 286 286 286 286 286 286 286 286 286.001 286.003 286.008 286.021 286.05 286.113 286.24 286.472 286.867 287.099 287.225 287.288 287.315 287.323 287.315 287.288 287.225 287.099 286.867 286.472 286.24 286.113 286.05 286.021 286.008 286.003 286.001 286 286 286 286 286 286 286 286 286 286 286 286 286 286 286 286 286 286 286 286 286 286 286 286 286 286 286 286 286 286 286 286 
286 286.001 286.002 286.005 286.013 286.032 286.076 286.167 286.346 286.669 287.21 287.533 287.712 287.802 287.842 287.854 287.842 287.802 287.712 287.533 287.21 286.669 286.346 286.167 286.076 286.032 286.013 286.005 286.002 286.001 286 286 286 286 286 286 286 286 286 286 286 286 286.001 286.004 286.01 286.024 286.057 286.125 286.26 286.502 286.908 287.15 287.284 287.352 287.382 287.39 287.382 287.352 287.284 287.15 286.908 286.502 286.26 286.125 286.057 286.024 286.01 286.004 286.001 286 286 286 286 286 286 286 286 286 286 286 286 286 286 286 286 286 286 286 286 286 286 286 286 286 286 286 286 286 286 286 286 
286 286.001 286.002 286.006 286.015 286.037 286.085 286.184 286.373 286.709 287.264 287.6 287.789 287.886 287.931 287.943 287.931 287.886 287.789 287.6 287.264 286.709 286.373 286.184 286.085 286.037 286.015 286.006 286.002 286.001 286 286 286 286 286 286 286 286 286 286 286 286.001 286.002 286.004 286.011 286.028 286.064 286.138 286.28 286.532 286.948 287.2 287.342 287.415 287.448 287.457 287.448 287.415 287.342 287.2 286.948 286.532 286.28 286.138 286.064 286.028 286.011 286.004 286.002 286.001 286 286 286 286 286 286 286 286 286 286 286 286 286 286 286 286 286 286 286 286 286 286 286 286 286 286 286 286 286 286 286 
286 286.001 286.003 286.007 286.018 286.042 286.095 286.201 286.4 286.75 287.318 287.667 287.866 287.97 288.018 288.032 288.018 287.97 287.866 287.667 287.318 286.75 286.4 286.201 286.095 286.042 286.018 286.007 286.003 286.001 286 286 286 286 286 286 286 286 286 286 286 286.001 286.002 286.005 286.013 286.032 286.071 286.151 286.3 286.562 286.988 287.25 287.399 287.477 287.514 287.524 287.514 287.477 287.399 287.25 286.988 286.562 286.3 286.151 286.071 286.032 286.013 286.005 286.002 286.001 286 286 286 286 286 286 286 286 286 286 286 286 286 286 286 286 286 286 286 286 286 286 286 286 286 286 286 286 286 286 286 
286 286.001 286.003 286.008 286.021 286.048 286.105 286.219 286.428 286.79 287.371 287.733 287.942 288.053 288.105 288.12 288.105 288.053 287.942 287.733 287.371 286.79 286.428 286.219 286.105 286.048 286.021 286.008 286.003 286.001 286 286 286 286 286 286 286 286 286 286 286 286.001 286.002 286.006 286.015 286.036 286.079 286.164 286.321 286.592 287.029 287.3 287.456 287.54 287.579 287.59 287.579 287.54 287.456 287.3 287.029 286.592 286.321 286.164 286.079 286.036 286.015 286.006 286.002 286.001 286 286 286 286 286 286 286 286 286 286 286 286 286 286 286 286 286 286 286 286 286 286 286 286 286 286 286 286 286 286 286 
286 286.001 286.004 286.01 286.024 286.054 286.116 286.237 286.456 286.83 287.425 287.798 288.017 288.136 288.192 288.208 288.192 288.136 288.017 287.798 287.425 286.83 286.456 286.237 286.116 286.054 286.024 286.01 286.004 286.001 286.001 286 286 286 286 286 286 286 286 286 286 286.001 286.003 286.007 286.018 286.04 286.087 286.178 286.342 286.623 287.069 287.349 287.513 287.602 287.644 287.656 287.644 287.602 287.513 287.349 287.069 286.623 286.342 286.178 286.087 286.04 286.018 286.007 286.003 286.001 286 286 286 286 286 286 286 286 286 286 286 286 286 286 286 286 286 286 286 286 286 286 286 286 286 286 286 286 286 286 286 
286 286.002 286.005 286.011 286.027 286.06 286.127 286.255 286.485 286.871 287.478 287.864 288.092 288.218 288.278 288.296 288.278 288.218 288.092 287.864 287.478 286.871 286.485 286.255 286.127 286.06 286.027 286.011 286.005 286.002 286.001 286 286 286 286 286 286 286 286 286 286.001 286.001 286.003 286.009 286.02 286.045 286.095 286.191 286.364 286.653 287.109 287.398 287.569 287.663 287.709 287.722 287.709 287.663 287.569 287.398 287.109 286.653 286.364 286.191 286.095 286.045 286.02 286.009 286.003 286.001 286.001 286 286 286 286 286 286 286 286 286 286 286 286 286 286 286 286 286 286 286 286 286 286 286 286 286 286 286 286 286 286 
286 286.002 286.005 286.013 286.03 286.066 286.139 286.274 286.514 286.912 287.531 287.929 288.167 288.299 288.364 288.383 288.364 288.299 288.167 287.929 287.531 286.912 286.514 286.274 286.139 286.066 286.03 286.013 286.005 286.002 286.001 286 286 286 286 286 286 286 286 286 286.001 286.002 286.004 286.01 286.023 286.05 286.104 286.206 286.386 286.684 287.149 287.446 287.625 287.725 287.773 287.787 287.773 287.725 287.625 287.446 287.149 286.684 286.386 286.206 286.104 286.05 286.023 286.01 286.004 286.002 286.001 286 286 286 286 286 286 286 286 286 286 286 286 286 286 286 286 286 286 286 286 286 286 286 286 286 286 286 286 286 286 
286 286.002 286.006 286.015 286.034 286.073 286.151 286.294 286.543 286.952 287.585 287.993 288.241 288.38 288.449 288.469 288.449 288.38 288.241 287.993 287.585 286.952 286.543 286.294 286.151 286.073 286.034 286.015 286.006 286.003 286.001 286 286 286 286 286 286 286 286 286 286.001 286.002 286.005 286.011 286.026 286.055 286.113 286.22 286.407 286.714 287.188 287.495 287.681 287.785 287.837 287.852 287.837 287.785 287.681 287.495 287.188 286.714 286.407 286.22 286.113 286.055 286.026 286.011 286.005 286.002 286.001 286 286 286 286 286 286 286 286 286 286 286 286 286 286 286 286 286 286 286 286 286 286 286 286 286 286 286 286 286 286 
286 286.003 286.007 286.017 286.038 286.081 286.163 286.314 286.573 286.993 287.637 288.057 288.315 288.461 288.534 288.555 288.534 288.461 288.315 288.057 287.637 286.993 286.573 286.314 286.163 286.081 286.038 286.017 286.007 286.003 286.001 286 286 286 286 286 286 286 286 286 286.001 286.002 286.006 286.013 286.029 286.061 286.122 286.235 286.43 286.745 287.228 287.543 287.736 287.846 287.9 287.917 287.9 287.846 287.736 287.543 287.228 286.745 286.43 286.235 286.122 286.061 286.029 286.013 286.006 286.002 286.001 286 286 286 286 286 286 286 286 286 286 286 286 286 286 286 286 286 286 286 286 286 286 286 286 286 286 286 286 286 286 
286 286.003 286.008 286.019 286.042 286.088 286.176 286.334 286.603 287.034 287.69 288.121 288.388 288.541 288.618 288.641 288.618 288.541 288.388 288.121 287.69 287.034 286.603 286.334 286.176 286.088 286.042 286.019 286.008 286.004 286.001 286.001 286 286 286 286 286 286 286 286 286.001 286.003 286.006 286.014 286.032 286.066 286.132 286.251 286.452 286.776 287.268 287.591 287.791 287.906 287.963 287.981 287.963 287.906 287.791 287.591 287.268 286.776 286.452 286.251 286.132 286.066 286.032 286.014 286.006 286.003 286.001 286 286 286 286 286 286 286 286 286 286 286 286 286 286 286 286 286 286 286 286 286 286 286 286 286 286 286 286 286 286 
286 286.004 286.009 286.022 286.047 286.096 286.189 286.355 286.633 287.076 287.743 288.185 288.461 288.62 288.701 288.726 288.701 288.62 288.461 288.185 287.743 287.076 286.633 286.355 286.189 286.096 286.047 286.022 286.01 286.004 286.002 286.001 286 286 286 286 286 286 286 286 286.001 286.003 286.007 286.016 286.035 286.072 286.142 286.266 286.475 286.807 287.307 287.639 287.845 287.965 288.026 288.044 288.026 287.965 287.845 287.639 287.307 286.807 286.475 286.266 286.142 286.072 286.035 286.016 286.007 286.003 286.001 286 286 286 286 286 286 286 286 286 286 286 286 286 286 286 286 286 286 286 286 286 286 286 286 286 286 286 286 286 286 
286 286.004 286.011 286.024 286.051 286.105 286.203 286.376 286.663 287.117 287.795 288.248 288.533 288.699 288.785 288.81 288.785 288.699 288.533 288.248 287.795 287.117 286.663 286.376 286.203 286.105 286.051 286.024 286.011 286.005 286.002 286.001 286 286 286 286 286 286 286 286.001 286.001 286.004 286.008 286.018 286.039 286.078 286.152 286.282 286.497 286.838 287.347 287.686 287.9 288.025 288.088 288.108 288.088 288.025 287.9 287.686 287.347 286.838 286.497 286.282 286.152 286.078 286.039 286.018 286.008 286.004 286.001 286.001 286 286 286 286 286 286 286 286 286 286 286 286 286 286 286 286 286 286 286 286 286 286 286 286 286 286 286 286 286 
286 286.005 286.012 286.027 286.056 286.113 286.217 286.397 286.694 287.158 287.848 288.311 288.605 288.778 288.867 288.894 288.867 288.778 288.605 288.311 287.848 287.158 286.694 286.397 286.217 286.113 286.056 286.027 286.012 286.005 286.002 286.001 286 286 286 286 286 286 286 286.001 286.002 286.004 286.009 286.02 286.042 286.085 286.163 286.298 286.52 286.869 287.386 287.733 287.954 288.084 288.15 288.171 288.15 288.084 287.954 287.733 287.386 286.869 286.52 286.298 286.163 286.085 286.042 286.02 286.009 286.004 286.002 286.001 286 286 286 286 286 286 286 286 286 286 286 286 286 286 286 286 286 286 286 286 286 286 286 286 286 286 286 286 286 
286 286.005 286.014 286.03 286.062 286.122 286.231 286.419 286.725 287.2 287.9 288.374 288.676 288.856 288.949 288.978 288.949 288.856 288.676 288.374 287.9 287.2 286.725 286.419 286.231 286.122 286.062 286.03 286.014 286.006 286.003 286.001 286 286 286 286 286 286 286 286.001 286.002 286.005 286.01 286.022 286.046 286.092 286.173 286.314 286.544 286.9 287.425 287.78 288.007 288.142 288.212 288.233 288.212 288.142 288.007 287.78 287.425 286.9 286.544 286.314 286.173 286.092 286.046 286.022 286.01 286.005 286.002 286.001 286 286 286 286 286 286 286 286 286 286 286 286 286 286 286 286 286 286 286 286 286 286 286 286 286 286 286 286 286 
286 286.006 286.015 286.033 286.067 286.131 286.246 286.441 286.756 287.241 287.952 288.436 288.747 288.934 289.031 289.061 289.031 288.934 288.747 288.436 287.952 287.241 286.756 286.441 286.246 286.131 286.067 286.033 286.016 286.007 286.003 286.001 286.001 286 286 286 286 286 286 286.001 286.002 286.005 286.012 286.025 286.05 286.099 286.185 286.331 286.567 286.931 287.464 287.827 288.061 288.2 288.273 288.296 288.273 288.2 288.061 287.827 287.464 286.931 286.567 286.331 286.185 286.099 286.05 286.025 286.012 286.005 286.002 286.001 286 286 286 286 286 286 286 286 286 286 286 286 286 286 286 286 286 286 286 286 286 286 286 286 286 286 286 286 286 
286 286.007 286.017 286.036 286.073 286.141 286.261 286.463 286.787 287.283 288.005 288.498 288.818 289.011 289.112 289.143 289.112 289.011 288.818 288.498 288.005 287.283 286.787 286.463 286.261 286.141 286.073 286.036 286.017 286.008 286.003 286.001 286.001 286 286 286 286 286 286 286.001 286.003 286.006 286.013 286.027 286.055 286.106 286.196 286.347 286.591 286.962 287.503 287.874 288.114 288.258 288.334 288.358 288.334 288.258 288.114 287.874 287.503 286.962 286.591 286.347 286.196 286.106 286.055 286.027 286.013 286.006 286.003 286.001 286 286 286 286 286 286 286 286 286 286 286 286 286 286 286 286 286 286 286 286 286 286 286 286 286 286 286 286 286 
286 286.008 286.019 286.039 286.079 286.151 286.276 286.486 286.819 287.324 288.057 288.56 288.888 289.088 289.193 289.225 289.193 289.088 288.888 288.56 288.057 287.324 286.819 286.486 286.276 286.151 286.079 286.04 286.019 286.009 286.004 286.002 286.001 286 286 286 286 286 286.001 286.001 286.003 286.007 286.014 286.03 286.059 286.113 286.207 286.364 286.614 286.993 287.542 287.92 288.166 288.316 288.395 288.419 288.395 288.316 288.166 287.92 287.542 286.993 286.614 286.364 286.207 286.113 286.059 286.03 286.014 286.007 286.003 286.001 286.001 286 286 286 286 286 286 286 286 286 286 286 286 286 286 286 286 286 286 286 286 286 286 286 286 286 286 286 286 
286 286.008 286.021 286.043 286.085 286.161 286.292 286.509 286.851 287.366 288.109 288.622 288.958 289.164 289.273 289.307 289.273 289.164 288.958 288.622 288.109 287.366 286.851 286.509 286.292 286.161 286.085 286.043 286.021 286.01 286.005 286.002 286.001 286 286 286 286 286 286.001 286.001 286.003 286.007 286.016 286.032 286.064 286.121 286.219 286.382 286.638 287.024 287.581 287.966 288.219 288.373 288.455 288.48 288.455 288.373 288.219 287.966 287.581 287.024 286.638 286.382 286.219 286.121 286.064 286.032 286.016 286.007 286.003 286.001 286.001 286 286 286 286 286 286 286 286 286 286 286 286 286 286 286 286 286 286 286 286 286 286 286 286 286 286 286 286 
286 286.009 286.023 286.047 286.091 286.171 286.308 286.532 286.883 287.408 288.16 288.683 289.028 289.24 289.353 289.388 289.353 289.24 289.028 288.683 288.16 287.408 286.883 286.532 286.308 286.171 286.092 286.047 286.023 286.011 286.005 286.002 286.001 286 286 286 286 286 286.001 286.002 286.004 286.008 286.017 286.035 286.069 286.129 286.231 286.399 286.662 287.056 287.62 288.012 288.271 288.43 288.515 288.541 288.515 288.43 288.271 288.012 287.62 287.056 286.662 286.399 286.231 286.129 286.069 286.035 286.017 286.008 286.004 286.002 286.001 286 286 286 286 286 286 286 286 286 286 286 286 286 286 286 286 286 286 286 286 286 286 286 286 286 286 286 286 
286 286.01 286.025 286.051 286.098 286.182 286.324 286.555 286.915 287.449 288.212 288.744 289.097 289.315 289.432 289.469 289.432 289.315 289.097 288.744 288.212 287.449 286.915 286.555 286.324 286.182 286.098 286.051 286.026 286.012 286.006 286.003 286.001 286 286 286 286 286 286.001 286.002 286.004 286.009 286.019 286.038 286.074 286.137 286.243 286.417 286.686 287.087 287.659 288.058 288.323 288.486 288.574 288.601 288.574 288.486 288.323 288.058 287.659 287.087 286.686 286.417 286.243 286.137 286.074 286.038 286.019 286.009 286.004 286.002 286.001 286 286 286 286 286 286 286 286 286 286 286 286 286 286 286 286 286 286 286 286 286 286 286 286 286 286 286 286 
286 286.011 286.027 286.055 286.105 286.193 286.341 286.579 286.947 287.491 288.264 288.805 289.166 289.39 289.511 289.549 289.511 289.39 289.166 288.805 288.264 287.491 286.947 286.579 286.341 286.193 286.105 286.055 286.028 286.014 286.006 286.003 286.001 286.001 286 286 286 286 286.001 286.002 286.005 286.01 286.021 286.041 286.079 286.145 286.256 286.434 286.71 287.118 287.698 288.104 288.375 288.543 288.633 288.662 288.633 288.543 288.375 288.104 287.698 287.118 286.71 286.434 286.256 286.145 286.079 286.041 286.021 286.01 286.005 286.002 286.001 286 286 286 286 286 286 286 286 286 286 286 286 286 286 286 286 286 286 286 286 286 286 286 286 286 286 286 286 
286 286.013 286.029 286.059 286.112 286.204 286.358 286.603 286.98 287.533 288.315 288.866 289.235 289.465 289.589 289.628 289.589 289.465 289.235 288.866 288.315 287.533 286.98 286.603 286.358 286.204 286.112 286.06 286.03 286.015 286.007 286.003 286.001 286.001 286 286 286 286 286.001 286.002 286.005 286.011 286.023 286.045 286.084 286.153 286.268 286.452 286.735 287.15 287.736 288.149 288.426 288.599 288.692 288.721 288.692 288.599 288.426 288.149 287.736 287.15 286.735 286.452 286.268 286.153 286.084 286.045 286.023 286.011 286.005 286.002 286.001 286 286 286 286 286 286 286 286 286 286 286 286 286 286 286 286 286 286 286 286 286 286 286 286 286 286 286 286 
286 286.014 286.032 286.064 286.12 286.216 286.375 286.627 287.012 287.575 288.367 288.926 289.303 289.539 289.667 289.708 289.667 289.539 289.303 288.926 288.367 287.575 287.012 286.627 286.375 286.216 286.12 286.064 286.033 286.016 286.008 286.004 286.002 286.001 286 286 286 286.001 286.001 286.003 286.006 286.012 286.025 286.048 286.09 286.162 286.281 286.471 286.759 287.181 287.775 288.195 288.477 288.654 288.75 288.781 288.75 288.654 288.477 288.195 287.775 287.181 286.759 286.471 286.281 286.162 286.09 286.048 286.025 286.012 286.006 286.003 286.001 286.001 286 286 286 286 286 286 286 286 286 286 286 286 286 286 286 286 286 286 286 286 286 286 286 286 286 286 286 
286 286.015 286.034 286.068 286.127 286.228 286.392 286.652 287.045 287.617 288.418 288.987 289.371 289.613 289.745 289.786 289.745 289.613 289.371 288.987 288.418 287.617 287.045 286.652 286.392 286.228 286.127 286.069 286.036 286.018 286.009 286.004 286.002 286.001 286 286 286 286.001 286.001 286.003 286.007 286.014 286.027 286.052 286.096 286.171 286.294 286.489 286.784 287.213 287.814 288.24 288.528 288.71 288.808 288.84 288.808 288.71 288.528 288.24 287.814 287.213 286.784 286.489 286.294 286.171 286.096 286.052 286.027 286.014 286.007 286.003 286.001 286.001 286 286 286 286 286 286 286 286 286 286 286 286 286 286 286 286 286 286 286 286 286 286 286 286 286 286 286 
286 286.016 286.037 286.073 286.135 286.24 286.41 286.677 287.078 287.659 288.469 289.047 289.438 289.686 289.822 289.865 289.822 289.686 289.438 289.047 288.469 287.659 287.078 286.677 286.41 286.24 286.135 286.074 286.039 286.02 286.01 286.005 286.002 286.001 286 286 286 286.001 286.002 286.003 286.007 286.015 286.029 286.055 286.101 286.18 286.307 286.507 286.808 287.244 287.852 288.285 288.579 288.765 288.866 288.898 288.866 288.765 288.579 288.285 287.852 287.244 286.808 286.507 286.307 286.18 286.101 286.055 286.029 286.015 286.007 286.003 286.002 286.001 286 286 286 286 286 286 286 286 286 286 286 286 286 286 286 286 286 286 286 286 286 286 286 286 286 286 286 
286 286.018 286.04 286.078 286.143 286.252 286.428 286.701 287.111 287.701 288.521 289.106 289.506 289.759 289.898 289.942 289.898 289.759 289.506 289.106 288.521 287.701 287.111 286.701 286.428 286.252 286.143 286.079 286.042 286.021 286.011 286.005 286.002 286.001 286.001 286 286 286.001 286.002 286.004 286.008 286.016 286.031 286.059 286.107 286.189 286.321 286.526 286.833 287.276 287.89 288.33 288.629 288.819 288.924 288.957 288.924 288.819 288.629 288.33 287.89 287.276 286.833 286.526 286.321 286.189 286.107 286.059 286.031 286.016 286.008 286.004 286.002 286.001 286 286 286 286 286 286 286 286 286 286 286 286 286 286 286 286 286 286 286 286 286 286 286 286 286 286 286 
286 286.019 286.043 286.083 286.151 286.264 286.446 286.727 287.144 287.743 288.572 289.166 289.573 289.832 289.974 290.02 289.974 289.832 289.573 289.166 288.572 287.743 287.144 286.727 286.446 286.265 286.152 286.084 286.045 286.023 286.012 286.006 286.003 286.001 286.001 286 286.001 286.001 286.002 286.004 286.009 286.017 286.034 286.063 286.114 286.198 286.335 286.545 286.858 287.307 287.929 288.375 288.68 288.874 288.981 289.015 288.981 288.874 288.68 288.375 287.929 287.307 286.858 286.545 286.335 286.198 286.114 286.063 286.034 286.017 286.009 286.004 286.002 286.001 286 286 286 286 286 286 286 286 286 286 286 286 286 286 286 286 286 286 286 286 286 286 286 286 286 286 286 
286 286.02 286.046 286.088 286.16 286.277 286.464 286.752 287.178 287.785 288.623 289.225 289.639 289.904 290.05 290.097 290.05 289.904 289.639 289.225 288.623 287.785 287.178 286.752 286.464 286.277 286.16 286.089 286.048 286.025 286.013 286.006 286.003 286.001 286.001 286 286.001 286.001 286.002 286.005 286.01 286.019 286.036 286.067 286.12 286.208 286.348 286.564 286.883 287.339 287.967 288.419 288.73 288.928 289.038 289.073 289.038 288.928 288.73 288.419 287.967 287.339 286.883 286.564 286.348 286.208 286.12 286.067 286.036 286.019 286.01 286.005 286.002 286.001 286 286 286 286 286 286 286 286 286 286 286 286 286 286 286 286 286 286 286 286 286 286 286 286 286 286 286 
286 286.022 286.049 286.094 286.168 286.29 286.483 286.777 287.211 287.827 288.674 289.285 289.706 289.976 290.126 290.173 290.126 289.976 289.706 289.285 288.674 287.827 287.211 286.777 286.483 286.29 286.169 286.095 286.052 286.027 286.014 286.007 286.003 286.002 286.001 286.001 286.001 286.001 286.003 286.005 286.01 286.02 286.039 286.071 286.127 286.218 286.362 286.583 286.908 287.37 288.005 288.463 288.779 288.982 289.094 289.13 289.094 288.982 288.779 288.463 288.005 287.37 286.908 286.583 286.362 286.218 286.127 286.071 286.039 286.02 286.01 286.005 286.002 286.001 286.001 286 286 286 286 286 286 286 286 286 286 286 286 286 286 286 286 286 286 286 286 286 286 286 286 286 286 
286 286.023 286.052 286.099 286.177 286.303 286.502 286.803 287.245 287.869 288.724 289.344 289.772 290.047 290.2 290.249 290.2 290.047 289.772 289.344 288.724 287.869 287.245 286.803 286.502 286.304 286.178 286.101 286.055 286.029 286.015 286.008 286.004 286.002 286.001 286.001 286.001 286.001 286.003 286.006 286.011 286.022 286.041 286.076 286.133 286.228 286.376 286.602 286.933 287.402 288.043 288.508 288.829 289.036 289.15 289.187 289.15 289.036 288.829 288.508 288.043 287.402 286.933 286.602 286.376 286.228 286.133 286.076 286.041 286.022 286.011 286.006 286.003 286.001 286.001 286 286 286 286 286 286 286 286 286 286 286 286 286 286 286 286 286 286 286 286 286 286 286 286 286 286 
286 286.025 286.056 286.105 286.186 286.317 286.521 286.829 287.278 287.912 288.775 289.402 289.838 290.119 290.275 290.325 290.275 290.119 289.838 289.402 288.775 287.912 287.278 286.829 286.521 286.317 286.187 286.107 286.059 286.032 286.016 286.008 286.004 286.002 286.001 286.001 286.001 286.002 286.003 286.006 286.012 286.024 286.044 286.08 286.14 286.238 286.391 286.622 286.959 287.434 288.081 288.552 288.878 289.089 289.206 289.244 289.206 289.089 288.878 288.552 288.081 287.434 286.959 286.622 286.391 286.238 286.14 286.08 286.044 286.024 286.012 286.006 286.003 286.001 286.001 286 286 286 286 286 286 286 286 286 286 286 286 286 286 286 286 286 286 286 286 286 286 286 286 286 286 
286 286.027 286.059 286.111 286.196 286.331 286.54 286.855 287.312 287.954 288.826 289.461 289.903 290.189 290.349 290.4 290.349 290.189 289.903 289.461 288.826 287.954 287.312 286.855 286.54 286.331 286.196 286.113 286.063 286.034 286.018 286.009 286.004 286.002 286.001 286.001 286.001 286.002 286.003 286.007 286.013 286.025 286.047 286.085 286.147 286.248 286.405 286.641 286.984 287.465 288.119 288.596 288.927 289.142 289.262 289.3 289.262 289.142 288.927 288.596 288.119 287.465 286.984 286.641 286.405 286.248 286.147 286.085 286.047 286.025 286.013 286.007 286.003 286.002 286.001 286 286 286 286 286 286 286 286 286 286 286 286 286 286 286 286 286 286 286 286 286 286 286 286 286 286 
286 286.029 286.063 286.117 286.205 286.344 286.56 286.881 287.346 287.996 288.876 289.519 289.968 290.26 290.423 290.475 290.423 290.26 289.968 289.519 288.876 287.996 287.346 286.881 286.56 286.345 286.206 286.119 286.067 286.036 286.019 286.01 286.005 286.002 286.001 286.001 286.001 286.002 286.004 286.007 286.014 286.027 286.05 286.089 286.154 286.259 286.42 286.661 287.01 287.497 288.157 288.639 288.976 289.195 289.317 289.356 289.317 289.195 288.976 288.639 288.157 287.497 287.01 286.661 286.42 286.259 286.154 286.089 286.05 286.027 286.014 286.007 286.004 286.002 286.001 286 286 286 286 286 286 286 286 286 286 286 286 286 286 286 286 286 286 286 286 286 286 286 286 286 286 
286 286.03 286.067 286.124 286.215 286.359 286.579 286.908 287.38 288.038 288.927 289.578 290.033 290.33 290.496 290.549 290.496 290.33 290.033 289.578 288.927 288.038 287.38 286.908 286.58 286.359 286.216 286.126 286.071 286.039 286.021 286.011 286.005 286.003 286.001 286.001 286.001 286.002 286.004 286.008 286.016 286.029 286.053 286.094 286.162 286.269 286.435 286.681 287.035 287.529 288.195 288.683 289.025 289.247 289.372 289.412 289.372 289.247 289.025 288.683 288.195 287.529 287.035 286.681 286.435 286.269 286.162 286.094 286.053 286.029 286.016 286.008 286.004 286.002 286.001 286 286 286 286 286 286 286 286 286 286 286 286 286 286 286 286 286 286 286 286 286 286 286 286 286 286 
286 286.032 286.071 286.13 286.225 286.373 286.599 286.934 287.414 288.08 288.977 289.636 290.098 290.4 290.569 290.623 290.569 290.4 290.098 289.636 288.977 288.08 287.414 286.934 286.599 286.373 286.226 286.132 286.075 286.042 286.022 286.012 286.006 286.003 286.002 286.001 286.001 286.002 286.004 286.009 286.017 286.031 286.056 286.099 286.169 286.28 286.45 286.701 287.061 287.56 288.233 288.727 289.073 289.3 289.427 289.468 289.427 289.3 289.073 288.727 288.233 287.56 287.061 286.701 286.45 286.28 286.169 286.099 286.056 286.031 286.017 286.009 286.004 286.002 286.001 286 286 286 286 286 286 286 286 286 286 286 286 286 286 286 286 286 286 286 286 286 286 286 286 286 286 
286 286.034 286.075 286.137 286.235 286.387 286.619 286.961 287.448 288.123 289.027 289.693 290.162 290.469 290.642 290.697 290.642 290.469 290.162 289.693 289.027 288.123 287.448 286.961 286.62 286.388 286.236 286.139 286.08 286.044 286.024 286.013 286.006 286.003 286.002 286.001 286.001 286.003 286.005 286.009 286.018 286.033 286.06 286.104 286.177 286.291 286.465 286.721 287.086 287.592 288.27 288.77 289.122 289.352 289.481 289.523 289.481 289.352 289.122 288.77 288.27 287.592 287.086 286.721 286.465 286.291 286.177 286.104 286.06 286.033 286.018 286.009 286.005 286.002 286.001 286.001 286 286 286 286 286 286 286 286 286 286 286 286 286 286 286 286 286 286 286 286 286 286 286 286 286 
286 286.036 286.079 286.143 286.245 286.402 286.64 286.988 287.483 288.165 289.077 289.751 290.226 290.538 290.714 290.77 290.714 290.538 290.226 289.751 289.077 288.165 287.483 286.988 286.64 286.403 286.246 286.146 286.084 286.047 286.026 286.014 286.007 286.004 286.002 286.001 286.002 286.003 286.005 286.01 286.019 286.035 286.063 286.11 286.185 286.302 286.48 286.741 287.112 287.624 288.308 288.813 289.17 289.403 289.535 289.578 289.535 289.403 289.17 288.813 288.308 287.624 287.112 286.741 286.48 286.302 286.185 286.11 286.063 286.035 286.019 286.01 286.005 286.003 286.001 286.001 286 286 286 286 286 286 286 286 286 286 286 286 286 286 286 286 286 286 286 286 286 286 286 286 286 
286 286.038 286.083 286.15 286.255 286.417 286.66 287.015 287.517 288.207 289.128 289.808 290.29 290.607 290.785 290.843 290.785 290.607 290.29 289.808 289.128 288.207 287.517 287.015 286.66 286.418 286.257 286.153 286.089 286.05 286.027 286.015 286.008 286.004 286.002 286.002 286.002 286.003 286.006 286.011 286.021 286.038 286.067 286.115 286.193 286.313 286.495 286.761 287.138 287.655 288.346 288.856 289.217 289.455 289.589 289.632 289.589 289.455 289.217 288.856 288.346 287.655 287.138 286.761 286.495 286.313 286.193 286.115 286.067 286.038 286.021 286.011 286.006 286.003 286.001 286.001 286 286 286 286 286 286 286 286 286 286 286 286 286 286 286 286 286 286 286 286 286 286 286 286 286 
286 286.04 286.087 286.157 286.266 286.432 286.681 287.042 287.552 288.249 289.178 289.866 290.353 290.675 290.857 290.916 290.857 290.675 290.353 289.866 289.178 288.249 287.552 287.042 286.681 286.433 286.267 286.161 286.094 286.053 286.029 286.016 286.008 286.004 286.002 286.002 286.002 286.003 286.006 286.012 286.022 286.04 286.07 286.12 286.201 286.325 286.511 286.782 287.164 287.687 288.383 288.899 289.265 289.506 289.643 289.687 289.643 289.506 289.265 288.899 288.383 287.687 287.164 286.782 286.511 286.325 286.201 286.12 286.07 286.04 286.022 286.012 286.006 286.003 286.002 286.001 286 286 286 286 286 286 286 286 286 286 286 286 286 286 286 286 286 286 286 286 286 286 286 286 286 
286 286.043 286.092 286.164 286.277 286.447 286.702 287.069 287.586 288.292 289.227 289.923 290.417 290.743 290.928 290.988 290.928 290.743 290.417 289.923 289.227 288.292 287.586 287.069 286.702 286.448 286.278 286.168 286.099 286.056 286.031 286.017 286.009 286.005 286.003 286.002 286.002 286.004 286.007 286.013 286.024 286.042 286.074 286.126 286.209 286.336 286.526 286.802 287.19 287.719 288.421 288.942 289.313 289.557 289.696 289.741 289.696 289.557 289.313 288.942 288.421 287.719 287.19 286.802 286.526 286.336 286.209 286.126 286.074 286.042 286.023 286.013 286.007 286.003 286.002 286.001 286 286 286 286 286 286 286 286 286 286 286 286 286 286 286 286 286 286 286 286 286 286 286 286 286 
286 286.045 286.096 286.172 286.287 286.463 286.722 287.097 287.621 288.334 289.277 289.98 290.48 290.811 290.999 291.059 290.999 290.811 290.48 289.98 289.277 288.334 287.621 287.097 286.723 286.464 286.289 286.176 286.104 286.06 286.033 286.018 286.01 286.005 286.003 286.002 286.002 286.004 286.007 286.014 286.025 286.045 286.078 286.132 286.217 286.348 286.542 286.823 287.216 287.75 288.458 288.985 289.36 289.608 289.749 289.795 289.749 289.608 289.36 288.985 288.458 287.75 287.216 286.823 286.542 286.348 286.217 286.132 286.078 286.045 286.025 286.014 286.007 286.004 286.002 286.001 286 286 286 286 286 286 286 286 286 286 286 286 286 286 286 286 286 286 286 286 286 286 286 286 286 
286 286.047 286.101 286.179 286.299 286.478 286.744 287.124 287.655 288.376 289.327 290.036 290.542 290.878 291.069 291.131 291.069 290.878 290.543 290.036 289.327 288.376 287.656 287.125 286.744 286.479 286.301 286.184 286.109 286.063 286.035 286.019 286.01 286.006 286.003 286.002 286.003 286.004 286.008 286.015 286.027 286.047 286.082 286.138 286.226 286.36 286.558 286.843 287.242 287.782 288.495 289.027 289.407 289.659 289.802 289.848 289.802 289.659 289.407 289.027 288.495 287.782 287.242 286.843 286.558 286.36 286.226 286.138 286.082 286.047 286.027 286.015 286.008 286.004 286.002 286.001 286 286 286 286 286 286 286 286 286 286 286 286 286 286 286 286 286 286 286 286 286 286 286 286 286 
286 286.05 286.105 286.187 286.31 286.494 286.765 287.152 287.69 288.418 289.377 290.093 290.605 290.945 291.139 291.202 291.139 290.945 290.605 290.093 289.377 288.418 287.69 287.152 286.766 286.495 286.312 286.192 286.114 286.067 286.038 286.021 286.011 286.006 286.004 286.003 286.003 286.005 286.009 286.016 286.028 286.05 286.086 286.144 286.234 286.372 286.574 286.864 287.268 287.814 288.532 289.07 289.454 289.709 289.854 289.901 289.854 289.709 289.454 289.07 288.532 287.814 287.268 286.864 286.574 286.372 286.234 286.144 286.086 286.05 286.028 286.016 286.008 286.004 286.002 286.001 286.001 286 286 286 286 286 286 286 286 286 286 286 286 286 286 286 286 286 286 286 286 286 286 286 286 
286 286.052 286.11 286.195 286.321 286.51 286.786 287.18 287.725 288.46 289.426 290.149 290.667 291.012 291.209 291.272 291.209 291.012 290.667 290.149 289.426 288.46 287.725 287.18 286.787 286.511 286.324 286.2 286.12 286.07 286.04 286.022 286.012 286.007 286.004 286.003 286.003 286.005 286.009 286.017 286.03 286.053 286.09 286.15 286.243 286.384 286.59 286.885 287.294 287.845 288.57 289.112 289.5 289.759 289.906 289.954 289.906 289.759 289.5 289.112 288.57 287.845 287.294 286.885 286.59 286.384 286.243 286.15 286.09 286.053 286.03 286.017 286.009 286.005 286.002 286.001 286.001 286 286 286 286 286 286 286 286 286 286 286 286 286 286 286 286 286 286 286 286 286 286 286 286 
286 286.054 286.115 286.202 286.333 286.526 286.808 287.208 287.76 288.503 289.476 290.206 290.729 291.079 291.278 291.343 291.278 291.079 290.729 290.206 289.476 288.503 287.76 287.208 286.809 286.528 286.336 286.208 286.126 286.074 286.042 286.024 286.013 286.007 286.004 286.003 286.004 286.006 286.01 286.018 286.032 286.055 286.094 286.156 286.252 286.396 286.607 286.906 287.32 287.877 288.607 289.154 289.547 289.809 289.958 290.007 289.958 289.809 289.547 289.154 288.607 287.877 287.32 286.906 286.607 286.396 286.252 286.156 286.094 286.055 286.032 286.018 286.01 286.005 286.003 286.001 286.001 286 286 286 286 286 286 286 286 286 286 286 286 286 286 286 286 286 286 286 286 286 286 286 286 
286 286.057 286.12 286.21 286.345 286.543 286.83 287.236 287.795 288.545 289.525 290.262 290.791 291.145 291.347 291.413 291.347 291.145 290.791 290.262 289.525 288.545 287.795 287.236 286.831 286.544 286.348 286.216 286.131 286.078 286.045 286.025 286.014 286.008 286.005 286.003 286.004 286.006 286.011 286.019 286.034 286.058 286.098 286.162 286.261 286.408 286.623 286.927 287.346 287.909 288.644 289.196 289.593 289.859 290.01 290.059 290.01 289.859 289.593 289.196 288.644 287.909 287.346 286.927 286.623 286.408 286.261 286.162 286.098 286.058 286.034 286.019 286.01 286.006 286.003 286.001 286.001 286 286 286 286 286 286 286 286 286 286 286 286 286 286 286 286 286 286 286 286 286 286 286 286 
286 286.06 286.125 286.219 286.356 286.559 286.852 287.264 287.83 288.587 289.574 290.317 290.853 291.211 291.416 291.482 291.416 291.211 290.853 290.317 289.574 288.587 287.83 287.264 286.853 286.561 286.36 286.225 286.137 286.082 286.047 286.027 286.015 286.008 286.005 286.004 286.004 286.006 286.011 286.02 286.035 286.061 286.103 286.169 286.27 286.421 286.639 286.948 287.373 287.94 288.681 289.238 289.639 289.908 290.062 290.112 290.062 289.908 289.639 289.238 288.681 287.94 287.373 286.948 286.639 286.421 286.27 286.169 286.103 286.061 286.035 286.02 286.011 286.006 286.003 286.002 286.001 286 286 286 286 286 286 286 286 286 286 286 286 286 286 286 286 286 286 286 286 286 286 286 286 
286 286.062 286.13 286.227 286.368 286.576 286.874 287.292 287.865 288.629 289.623 290.373 290.914 291.276 291.484 291.551 291.484 291.276 290.914 290.373 289.623 288.629 287.865 287.293 286.875 286.578 286.372 286.234 286.143 286.086 286.05 286.028 286.016 286.009 286.005 286.004 286.005 286.007 286.012 286.021 286.037 286.064 286.107 286.175 286.279 286.433 286.656 286.97 287.399 287.972 288.718 289.28 289.685 289.957 290.113 290.164 290.113 289.957 289.685 289.28 288.718 287.972 287.399 286.97 286.656 286.433 286.279 286.175 286.107 286.064 286.037 286.021 286.012 286.006 286.003 286.002 286.001 286 286 286 286 286 286 286 286 286 286 286 286 286 286 286 286 286 286 286 286 286 286 286 286 
286 286.065 286.136 286.235 286.381 286.593 286.896 287.321 287.9 288.671 289.672 290.429 290.975 291.342 291.552 291.62 291.552 291.342 290.975 290.429 289.673 288.671 287.9 287.321 286.897 286.595 286.385 286.243 286.149 286.09 286.053 286.03 286.017 286.01 286.006 286.004 286.005 286.007 286.013 286.023 286.039 286.067 286.112 286.182 286.288 286.446 286.673 286.991 287.425 288.004 288.754 289.322 289.731 290.006 290.164 290.215 290.164 290.006 289.731 289.322 288.754 288.004 287.425 286.991 286.673 286.446 286.288 286.182 286.112 286.067 286.039 286.022 286.013 286.007 286.004 286.002 286.001 286 286 286 286 286 286 286 286 286 286 286 286 286 286 286 286 286 286 286 286 286 286 286 286 
286 286.068 286.141 286.244 286.393 286.609 286.918 287.349 287.935 288.713 289.721 290.484 291.036 291.407 291.62 291.689 291.62 291.407 291.036 290.484 289.722 288.714 287.936 287.35 286.919 286.612 286.397 286.252 286.156 286.094 286.055 286.032 286.018 286.01 286.006 286.005 286.005 286.008 286.014 286.024 286.042 286.07 286.117 286.189 286.298 286.459 286.69 287.012 287.452 288.035 288.791 289.363 289.777 290.055 290.215 290.267 290.215 290.055 289.777 289.363 288.791 288.035 287.452 287.012 286.69 286.459 286.298 286.189 286.117 286.07 286.041 286.024 286.013 286.007 286.004 286.002 286.001 286.001 286 286 286 286 286 286 286 286 286 286 286 286 286 286 286 286 286 286 286 286 286 286 286 
286 286.07 286.146 286.252 286.405 286.627 286.941 287.378 287.97 288.756 289.77 290.539 291.096 291.471 291.687 291.757 291.687 291.471 291.096 290.539 289.77 288.756 287.971 287.378 286.942 286.629 286.41 286.261 286.162 286.098 286.058 286.034 286.019 286.011 286.007 286.005 286.006 286.009 286.015 286.025 286.044 286.074 286.122 286.196 286.307 286.472 286.706 287.034 287.478 288.067 288.828 289.404 289.822 290.104 290.265 290.318 290.265 290.104 289.822 289.404 288.828 288.067 287.478 287.034 286.706 286.472 286.307 286.196 286.122 286.074 286.044 286.025 286.014 286.008 286.004 286.002 286.001 286.001 286 286 286 286 286 286 286 286 286 286 286 286 286 286 286 286 286 286 286 286 286 286 286 
286 286.073 286.152 286.261 286.418 286.644 286.963 287.406 288.006 288.798 289.819 290.594 291.157 291.536 291.754 291.825 291.754 291.536 291.157 290.594 289.819 288.798 288.006 287.407 286.965 286.646 286.423 286.27 286.169 286.103 286.061 286.036 286.02 286.012 286.007 286.006 286.006 286.009 286.015 286.027 286.046 286.077 286.126 286.203 286.317 286.485 286.724 287.055 287.505 288.098 288.864 289.446 289.868 290.152 290.315 290.369 290.315 290.152 289.868 289.446 288.864 288.098 287.505 287.055 286.724 286.485 286.317 286.203 286.126 286.077 286.046 286.027 286.015 286.008 286.005 286.002 286.001 286.001 286 286 286 286 286 286 286 286 286 286 286 286 286 286 286 286 286 286 286 286 286 286 286 
286 286.076 286.158 286.27 286.431 286.661 286.986 287.435 288.041 288.84 289.868 290.649 291.217 291.6 291.821 291.893 291.821 291.6 291.217 290.649 289.868 288.84 288.041 287.436 286.988 286.664 286.436 286.28 286.175 286.107 286.064 286.038 286.022 286.013 286.008 286.006 286.007 286.01 286.016 286.028 286.048 286.08 286.131 286.21 286.327 286.498 286.741 287.077 287.531 288.13 288.901 289.487 289.913 290.2 290.366 290.42 290.366 290.2 289.913 289.487 288.901 288.13 287.531 287.077 286.741 286.498 286.327 286.21 286.131 286.08 286.048 286.028 286.016 286.009 286.005 286.003 286.001 286.001 286 286 286 286 286 286 286 286 286 286 286 286 286 286 286 286 286 286 286 286 286 286 286 
286 286.079 286.163 286.279 286.444 286.679 287.009 287.464 288.076 288.882 289.917 290.704 291.277 291.664 291.887 291.96 291.887 291.664 291.277 290.704 289.917 288.882 288.077 287.465 287.01 286.682 286.449 286.289 286.182 286.112 286.067 286.04 286.023 286.013 286.008 286.006 286.007 286.01 286.017 286.03 286.051 286.084 286.137 286.217 286.337 286.511 286.758 287.099 287.558 288.161 288.937 289.528 289.958 290.248 290.415 290.47 290.415 290.248 289.958 289.528 288.937 288.161 287.558 287.099 286.758 286.511 286.337 286.217 286.137 286.084 286.05 286.03 286.017 286.009 286.005 286.003 286.001 286.001 286 286 286 286 286 286 286 286 286 286 286 286 286 286 286 286 286 286 286 286 286 286 286 
286 286.082 286.169 286.288 286.457 286.696 287.032 287.493 288.112 288.924 289.965 290.758 291.337 291.728 291.953 292.027 291.953 291.728 291.337 290.758 289.965 288.924 288.112 287.494 287.034 286.699 286.463 286.299 286.189 286.117 286.07 286.042 286.024 286.014 286.009 286.007 286.008 286.011 286.018 286.031 286.053 286.088 286.142 286.224 286.347 286.525 286.775 287.12 287.584 288.193 288.974 289.569 290.002 290.296 290.465 290.52 290.465 290.296 290.002 289.569 288.974 288.193 287.584 287.12 286.775 286.525 286.347 286.224 286.142 286.088 286.053 286.031 286.018 286.01 286.006 286.003 286.002 286.001 286 286 286 286 286 286 286 286 286 286 286 286 286 286 286 286 286 286 286 286 286 286 286 
286 286.085 286.175 286.297 286.47 286.714 287.055 287.522 288.147 288.966 290.014 290.813 291.396 291.791 292.019 292.094 292.019 291.791 291.396 290.813 290.014 288.966 288.148 287.523 287.057 286.717 286.476 286.309 286.196 286.122 286.074 286.044 286.026 286.015 286.01 286.007 286.008 286.012 286.02 286.033 286.055 286.091 286.147 286.232 286.357 286.538 286.793 287.142 287.611 288.224 289.01 289.61 290.047 290.343 290.514 290.57 290.514 290.343 290.047 289.61 289.01 288.224 287.611 287.142 286.793 286.538 286.357 286.232 286.147 286.091 286.055 286.033 286.019 286.011 286.006 286.003 286.002 286.001 286 286 286 286 286 286 286 286 286 286 286 286 286 286 286 286 286 286 286 286 286 286 286 
286 286.088 286.181 286.307 286.483 286.732 287.078 287.551 288.183 289.008 290.062 290.867 291.455 291.854 292.085 292.16 292.085 291.854 291.455 290.867 290.062 289.008 288.183 287.552 287.08 286.736 286.49 286.319 286.203 286.127 286.077 286.046 286.027 286.016 286.01 286.008 286.009 286.013 286.021 286.035 286.058 286.095 286.152 286.239 286.367 286.552 286.81 287.164 287.637 288.256 289.047 289.65 290.092 290.391 290.564 290.62 290.564 290.391 290.092 289.65 289.047 288.256 287.637 287.164 286.81 286.552 286.367 286.239 286.152 286.095 286.058 286.034 286.02 286.011 286.006 286.003 286.002 286.001 286 286 286 286 286 286 286 286 286 286 286 286 286 286 286 286 286 286 286 286 286 286 286 
286 286.091 286.187 286.316 286.496 286.75 287.101 287.58 288.218 289.05 290.11 290.921 291.514 291.917 292.15 292.226 292.15 291.917 291.514 290.921 290.11 289.05 288.219 287.581 287.104 286.754 286.504 286.329 286.211 286.132 286.081 286.048 286.029 286.017 286.011 286.009 286.009 286.013 286.022 286.036 286.061 286.099 286.158 286.247 286.378 286.565 286.828 287.186 287.664 288.287 289.083 289.691 290.136 290.438 290.612 290.67 290.612 290.438 290.136 289.691 289.083 288.287 287.664 287.186 286.828 286.565 286.378 286.247 286.158 286.099 286.06 286.036 286.021 286.012 286.007 286.004 286.002 286.001 286.001 286 286 286 286 286 286 286 286 286 286 286 286 286 286 286 286 286 286 286 286 286 286 
286 286.094 286.193 286.326 286.51 286.768 287.125 287.609 288.254 289.092 290.158 290.975 291.573 291.98 292.215 292.292 292.215 291.98 291.573 290.975 290.158 289.092 288.254 287.611 287.127 286.772 286.518 286.34 286.218 286.137 286.084 286.051 286.03 286.018 286.012 286.009 286.01 286.014 286.023 286.038 286.063 286.103 286.164 286.255 286.388 286.579 286.845 287.208 287.691 288.319 289.119 289.731 290.18 290.485 290.661 290.719 290.661 290.485 290.18 289.731 289.119 288.319 287.691 287.208 286.845 286.579 286.388 286.255 286.163 286.103 286.063 286.038 286.022 286.013 286.007 286.004 286.002 286.001 286.001 286 286 286 286 286 286 286 286 286 286 286 286 286 286 286 286 286 286 286 286 286 286 
286 286.098 286.199 286.335 286.524 286.786 287.148 287.639 288.289 289.133 290.206 291.029 291.632 292.042 292.28 292.357 292.28 292.042 291.632 291.029 290.207 289.134 288.29 287.64 287.151 286.791 286.532 286.35 286.226 286.142 286.088 286.053 286.032 286.019 286.012 286.01 286.011 286.015 286.024 286.04 286.066 286.107 286.169 286.263 286.399 286.593 286.863 287.23 287.717 288.35 289.155 289.772 290.224 290.532 290.71 290.768 290.71 290.532 290.224 289.772 289.155 288.35 287.717 287.23 286.863 286.593 286.399 286.263 286.169 286.107 286.066 286.04 286.023 286.013 286.008 286.004 286.002 286.001 286.001 286 286 286 286 286 286 286 286 286 286 286 286 286 286 286 286 286 286 286 286 286 286 
286 286.101 286.206 286.345 286.537 286.805 287.172 287.668 288.325 289.175 290.254 291.083 291.69 292.104 292.344 292.423 292.344 292.104 291.69 291.083 290.255 289.176 288.325 287.669 287.175 286.809 286.546 286.361 286.233 286.148 286.091 286.056 286.033 286.02 286.013 286.01 286.011 286.016 286.025 286.042 286.069 286.111 286.175 286.271 286.41 286.607 286.881 287.252 287.744 288.382 289.191 289.812 290.268 290.578 290.758 290.817 290.758 290.578 290.268 289.812 289.191 288.382 287.744 287.252 286.881 286.607 286.41 286.271 286.175 286.111 286.068 286.041 286.025 286.014 286.008 286.004 286.002 286.001 286.001 286 286 286 286 286 286 286 286 286 286 286 286 286 286 286 286 286 286 286 286 286 286 
286 286.104 286.212 286.355 286.551 286.823 287.196 287.698 288.36 289.217 290.302 291.136 291.749 292.166 292.408 292.488 292.408 292.166 291.749 291.136 290.303 289.218 288.361 287.699 287.198 286.828 286.561 286.371 286.241 286.153 286.095 286.058 286.035 286.021 286.014 286.011 286.012 286.017 286.027 286.044 286.072 286.115 286.181 286.279 286.42 286.621 286.899 287.274 287.771 288.413 289.227 289.852 290.311 290.625 290.806 290.866 290.806 290.625 290.311 289.852 289.227 288.413 287.771 287.274 286.899 286.621 286.42 286.279 286.181 286.115 286.071 286.043 286.026 286.015 286.009 286.005 286.003 286.001 286.001 286 286 286 286 286 286 286 286 286 286 286 286 286 286 286 286 286 286 286 286 286 286 
286 286.107 286.218 286.365 286.565 286.842 287.219 287.727 288.396 289.259 290.35 291.189 291.807 292.228 292.472 292.552 292.472 292.228 291.807 291.189 290.35 289.259 288.397 287.729 287.222 286.847 286.575 286.382 286.249 286.159 286.099 286.061 286.037 286.023 286.015 286.012 286.013 286.018 286.028 286.046 286.074 286.119 286.187 286.287 286.431 286.635 286.917 287.297 287.798 288.445 289.263 289.892 290.355 290.671 290.854 290.914 290.854 290.671 290.355 289.892 289.263 288.445 287.798 287.297 286.917 286.635 286.431 286.287 286.187 286.119 286.074 286.045 286.027 286.016 286.009 286.005 286.003 286.002 286.001 286 286 286 286 286 286 286 286 286 286 286 286 286 286 286 286 286 286 286 286 286 286 
286 286.111 286.225 286.375 286.579 286.86 287.243 287.757 288.431 289.301 290.398 291.243 291.864 292.289 292.536 292.617 292.536 292.289 291.865 291.243 290.398 289.301 288.432 287.758 287.247 286.866 286.59 286.393 286.257 286.164 286.103 286.064 286.039 286.024 286.016 286.013 286.014 286.019 286.03 286.048 286.077 286.123 286.193 286.295 286.442 286.65 286.935 287.319 287.824 288.476 289.299 289.932 290.398 290.717 290.902 290.962 290.902 290.717 290.398 289.932 289.299 288.476 287.824 287.319 286.935 286.65 286.442 286.295 286.193 286.123 286.077 286.047 286.028 286.017 286.01 286.005 286.003 286.002 286.001 286 286 286 286 286 286 286 286 286 286 286 286 286 286 286 286 286 286 286 286 286 286 
286 286.114 286.232 286.385 286.593 286.879 287.267 287.786 288.467 289.342 290.445 291.296 291.922 292.35 292.599 292.681 292.599 292.35 291.922 291.296 290.446 289.343 288.468 287.788 287.271 286.885 286.605 286.404 286.265 286.17 286.107 286.066 286.041 286.025 286.017 286.013 286.014 286.02 286.031 286.05 286.081 286.128 286.199 286.303 286.453 286.664 286.953 287.341 287.851 288.507 289.334 289.972 290.442 290.763 290.949 291.01 290.949 290.763 290.442 289.972 289.334 288.507 287.851 287.341 286.953 286.664 286.453 286.303 286.199 286.128 286.08 286.049 286.03 286.018 286.01 286.006 286.003 286.002 286.001 286 286 286 286 286 286 286 286 286 286 286 286 286 286 286 286 286 286 286 286 286 286 
286 286.118 286.238 286.395 286.608 286.898 287.291 287.816 288.503 289.384 290.493 291.348 291.98 292.411 292.662 292.744 292.662 292.411 291.98 291.349 290.493 289.385 288.504 287.818 287.295 286.905 286.619 286.416 286.273 286.176 286.111 286.069 286.043 286.027 286.018 286.014 286.015 286.021 286.033 286.052 286.084 286.132 286.205 286.312 286.465 286.678 286.971 287.364 287.878 288.539 289.37 290.011 290.485 290.808 290.997 291.058 290.997 290.808 290.485 290.011 289.37 288.539 287.878 287.363 286.971 286.678 286.465 286.312 286.205 286.132 286.083 286.051 286.031 286.018 286.011 286.006 286.003 286.002 286.001 286.001 286 286 286 286 286 286 286 286 286 286 286 286 286 286 286 286 286 286 286 286 286 
286 286.121 286.245 286.405 286.622 286.917 287.315 287.846 288.538 289.426 290.54 291.401 292.037 292.472 292.725 292.808 292.725 292.472 292.037 291.401 290.541 289.426 288.54 287.848 287.319 286.924 286.635 286.427 286.282 286.182 286.116 286.072 286.045 286.028 286.019 286.015 286.016 286.022 286.034 286.054 286.087 286.137 286.211 286.32 286.476 286.693 286.99 287.386 287.905 288.57 289.406 290.051 290.528 290.854 291.044 291.106 291.044 290.854 290.528 290.051 289.406 288.57 287.905 287.386 286.99 286.693 286.476 286.32 286.211 286.137 286.086 286.054 286.033 286.019 286.011 286.006 286.004 286.002 286.001 286.001 286 286 286 286 286 286 286 286 286 286 286 286 286 286 286 286 286 286 286 286 286 
286 286.125 286.252 286.416 286.636 286.936 287.34 287.876 288.574 289.467 290.588 291.454 292.094 292.532 292.787 292.871 292.788 292.532 292.094 291.454 290.588 289.468 288.575 287.878 287.344 286.944 286.65 286.439 286.29 286.188 286.12 286.075 286.047 286.029 286.02 286.016 286.017 286.023 286.036 286.057 286.09 286.141 286.218 286.329 286.487 286.708 287.008 287.408 287.932 288.601 289.441 290.09 290.57 290.899 291.091 291.153 291.091 290.899 290.57 290.09 289.441 288.601 287.932 287.408 287.008 286.708 286.487 286.329 286.218 286.141 286.09 286.056 286.034 286.02 286.012 286.007 286.004 286.002 286.001 286.001 286 286 286 286 286 286 286 286 286 286 286 286 286 286 286 286 286 286 286 286 286 
286 286.128 286.258 286.426 286.651 286.955 287.364 287.905 288.61 289.509 290.635 291.506 292.151 292.592 292.85 292.934 292.85 292.592 292.151 291.506 290.635 289.51 288.611 287.908 287.368 286.963 286.665 286.45 286.299 286.195 286.124 286.078 286.049 286.031 286.021 286.017 286.018 286.024 286.037 286.059 286.093 286.146 286.224 286.338 286.499 286.722 287.026 287.431 287.958 288.632 289.477 290.13 290.613 290.944 291.137 291.201 291.137 290.944 290.613 290.13 289.477 288.632 287.958 287.431 287.026 286.722 286.499 286.338 286.224 286.146 286.093 286.058 286.036 286.021 286.013 286.007 286.004 286.002 286.001 286.001 286 286 286 286 286 286 286 286 286 286 286 286 286 286 286 286 286 286 286 286 286 
286 286.132 286.265 286.437 286.666 286.974 287.388 287.935 288.645 289.55 290.682 291.559 292.207 292.652 292.912 292.997 292.912 292.652 292.207 291.559 290.683 289.551 288.647 287.938 287.393 286.983 286.68 286.462 286.308 286.201 286.129 286.081 286.051 286.032 286.022 286.018 286.019 286.026 286.039 286.061 286.097 286.151 286.231 286.346 286.51 286.737 287.045 287.453 287.985 288.663 289.512 290.169 290.656 290.989 291.184 291.248 291.184 290.989 290.656 290.169 289.512 288.663 287.985 287.453 287.045 286.737 286.51 286.346 286.231 286.151 286.096 286.06 286.037 286.022 286.013 286.008 286.004 286.002 286.001 286.001 286 286 286 286 286 286 286 286 286 286 286 286 286 286 286 286 286 286 286 286 286 
286 286.135 286.272 286.447 286.68 286.994 287.413 287.965 288.681 289.592 290.729 291.611 292.264 292.712 292.974 293.06 292.974 292.712 292.264 291.611 290.73 289.593 288.683 287.968 287.418 287.003 286.696 286.474 286.316 286.207 286.133 286.085 286.053 286.034 286.023 286.019 286.02 286.027 286.041 286.064 286.1 286.156 286.237 286.355 286.522 286.752 287.063 287.476 288.012 288.695 289.547 290.208 290.698 291.034 291.23 291.295 291.23 291.034 290.698 290.208 289.547 288.695 288.012 287.476 287.063 286.752 286.522 286.355 286.237 286.155 286.1 286.063 286.039 286.023 286.014 286.008 286.005 286.003 286.001 286.001 286 286 286 286 286 286 286 286 286 286 286 286 286 286 286 286 286 286 286 286 286 
286 286.139 286.279 286.458 286.695 287.013 287.437 287.995 288.717 289.633 290.776 291.663 292.32 292.772 293.035 293.122 293.035 292.772 292.32 291.663 290.777 289.634 288.719 287.998 287.443 287.023 286.712 286.486 286.325 286.214 286.138 286.088 286.055 286.035 286.024 286.02 286.021 286.028 286.042 286.066 286.104 286.161 286.244 286.364 286.534 286.767 287.082 287.499 288.039 288.726 289.583 290.247 290.74 291.079 291.276 291.341 291.276 291.079 290.74 290.247 289.583 288.726 288.039 287.499 287.082 286.767 286.534 286.364 286.244 286.16 286.103 286.065 286.04 286.025 286.015 286.009 286.005 286.003 286.002 286.001 286 286 286 286 286 286 286 286 286 286 286 286 286 286 286 286 286 286 286 286 286 
286 286.143 286.286 286.469 286.71 287.033 287.462 288.025 288.753 289.675 290.823 291.715 292.376 292.831 293.097 293.184 293.097 292.831 292.376 291.715 290.824 289.676 288.754 288.028 287.468 287.043 286.727 286.498 286.334 286.221 286.143 286.091 286.058 286.037 286.026 286.021 286.022 286.03 286.044 286.069 286.107 286.166 286.251 286.373 286.545 286.782 287.101 287.521 288.066 288.757 289.618 290.286 290.782 291.123 291.322 291.388 291.322 291.123 290.782 290.286 289.618 288.757 288.066 287.521 287.101 286.782 286.545 286.373 286.251 286.165 286.107 286.068 286.042 286.026 286.015 286.009 286.005 286.003 286.002 286.001 286 286 286 286 286 286 286 286 286 286 286 286 286 286 286 286 286 286 286 286 286 
286 286.146 286.294 286.48 286.725 287.052 287.487 288.055 288.788 289.716 290.87 291.766 292.432 292.89 293.158 293.246 293.158 292.89 292.432 291.767 290.871 289.717 288.79 288.059 287.493 287.063 286.743 286.51 286.344 286.227 286.148 286.095 286.06 286.039 286.027 286.022 286.023 286.031 286.046 286.071 286.111 286.171 286.258 286.383 286.557 286.797 287.119 287.544 288.093 288.788 289.653 290.325 290.824 291.168 291.368 291.434 291.368 291.168 290.824 290.325 289.653 288.788 288.093 287.544 287.119 286.797 286.557 286.383 286.258 286.17 286.11 286.07 286.044 286.027 286.016 286.009 286.005 286.003 286.002 286.001 286.001 286 286 286 286 286 286 286 286 286 286 286 286 286 286 286 286 286 286 286 286 
286 286.15 286.301 286.491 286.74 287.072 287.511 288.085 288.824 289.758 290.917 291.818 292.488 292.949 293.218 293.307 293.218 292.949 292.488 291.818 290.917 289.759 288.826 288.089 287.518 287.083 286.759 286.522 286.353 286.234 286.153 286.098 286.063 286.041 286.028 286.023 286.025 286.032 286.048 286.074 286.115 286.176 286.265 286.392 286.569 286.812 287.138 287.567 288.12 288.819 289.688 290.364 290.866 291.212 291.414 291.48 291.414 291.212 290.866 290.364 289.688 288.819 288.12 287.567 287.138 286.812 286.569 286.392 286.265 286.175 286.114 286.073 286.046 286.028 286.017 286.01 286.006 286.003 286.002 286.001 286.001 286 286 286 286 286 286 286 286 286 286 286 286 286 286 286 286 286 286 286 286 
286 286.154 286.308 286.502 286.755 287.092 287.536 288.116 288.86 289.799 290.963 291.869 292.543 293.008 293.279 293.368 293.279 293.008 292.544 291.87 290.964 289.8 288.862 288.119 287.543 287.103 286.775 286.535 286.362 286.241 286.158 286.102 286.065 286.042 286.03 286.025 286.026 286.034 286.05 286.077 286.119 286.181 286.272 286.401 286.581 286.828 287.157 287.59 288.146 288.85 289.723 290.402 290.908 291.256 291.459 291.526 291.459 291.256 290.908 290.402 289.723 288.85 288.146 287.59 287.157 286.828 286.581 286.401 286.272 286.181 286.118 286.075 286.047 286.029 286.018 286.011 286.006 286.004 286.002 286.001 286.001 286 286 286 286 286 286 286 286 286 286 286 286 286 286 286 286 286 286 286 286 
286 286.158 286.315 286.513 286.771 287.112 287.561 288.146 288.895 289.84 291.01 291.921 292.599 293.066 293.339 293.429 293.339 293.066 292.599 291.921 291.011 289.841 288.898 288.15 287.568 287.124 286.791 286.547 286.372 286.248 286.163 286.105 286.068 286.044 286.031 286.026 286.027 286.035 286.052 286.08 286.122 286.186 286.279 286.411 286.594 286.843 287.176 287.612 288.173 288.881 289.758 290.441 290.949 291.3 291.505 291.572 291.505 291.3 290.949 290.441 289.758 288.881 288.173 287.612 287.176 286.843 286.594 286.41 286.279 286.186 286.122 286.078 286.049 286.03 286.019 286.011 286.006 286.004 286.002 286.001 286.001 286 286 286 286 286 286 286 286 286 286 286 286 286 286 286 286 286 286 286 286 
286 286.162 286.323 286.524 286.786 287.131 287.586 288.176 288.931 289.881 291.056 291.972 292.654 293.124 293.4 293.49 293.4 293.124 292.654 291.972 291.057 289.883 288.934 288.18 287.593 287.144 286.808 286.56 286.381 286.255 286.168 286.109 286.07 286.046 286.033 286.027 286.028 286.037 286.054 286.082 286.126 286.192 286.286 286.42 286.606 286.858 287.195 287.635 288.2 288.912 289.793 290.479 290.991 291.343 291.55 291.618 291.55 291.343 290.991 290.479 289.793 288.912 288.2 287.635 287.195 286.858 286.606 286.42 286.286 286.191 286.125 286.081 286.051 286.032 286.019 286.012 286.007 286.004 286.002 286.001 286.001 286 286 286 286 286 286 286 286 286 286 286 286 286 286 286 286 286 286 286 286 
286 286.166 286.33 286.535 286.801 287.151 287.611 288.206 288.967 289.922 291.103 292.023 292.709 293.182 293.459 293.551 293.46 293.182 292.709 292.023 291.103 289.924 288.97 288.211 287.619 287.165 286.824 286.573 286.391 286.262 286.173 286.113 286.073 286.048 286.034 286.028 286.03 286.039 286.056 286.085 286.13 286.197 286.293 286.43 286.618 286.874 287.214 287.658 288.227 288.943 289.828 290.518 291.032 291.387 291.595 291.663 291.595 291.387 291.032 290.518 289.828 288.943 288.227 287.658 287.214 286.874 286.618 286.43 286.293 286.197 286.129 286.084 286.053 286.033 286.02 286.012 286.007 286.004 286.002 286.001 286.001 286 286 286 286 286 286 286 286 286 286 286 286 286 286 286 286 286 286 286 286 
286 286.169 286.338 286.546 286.817 287.172 287.636 288.237 289.003 289.964 291.149 292.074 292.764 293.24 293.519 293.611 293.519 293.24 292.764 292.074 291.15 289.965 289.005 288.241 287.644 287.186 286.841 286.586 286.401 286.27 286.179 286.117 286.076 286.05 286.036 286.03 286.031 286.04 286.058 286.088 286.134 286.203 286.301 286.439 286.631 286.889 287.233 287.681 288.254 288.974 289.862 290.556 291.073 291.43 291.639 291.708 291.639 291.43 291.073 290.556 289.862 288.974 288.254 287.681 287.233 286.889 286.63 286.439 286.301 286.202 286.133 286.086 286.055 286.034 286.021 286.013 286.008 286.004 286.003 286.001 286.001 286 286 286 286 286 286 286 286 286 286 286 286 286 286 286 286 286 286 286 286 
