286 286 286 286 286 286 286 286 286 286 286 286 286 286 286 286 286 286 286 286 286 286 286 286 286 286 286 286 286 286 286 286 286 286 286 286 286 286 286 286 286 286 286 286 286 286 286 286 286 286 286 286 286 286 286 286 286 286 286 286 286 286 286 286 286 286 286 286 286 286 286 286 286 286 286 286 286 286 286 286 286 286 286 286 286 286 286 286 286 286 286 286 286 286 286 286 286 286 286 286 286 
286 286 286 286 286 286 286 286 286 286.003 286.089 286.092 286.092 286.092 286.092 286.092 286.092 286.092 286.092 286.092 286.089 286.003 286 286 286 286 286 286 286 286 286 286 286 286 286 286 286 286 286 286 286 286 286 286 286 286 286 286 286 286.002 286.067 286.069 286.069 286.069 286.069 286.069 286.069 286.069 286.069 286.069 286.067 286.002 286 286 286 286 286 286 286 286 286 286 286 286 286 286 286 286 286 286 286 286 286 286 286 286 286 286 286 286 286 286 286 286 286 286 286 286 286 286 286 
286 286 286 286 286 286 286 286 286 286.009 286.175 286.184 286.184 286.184 286.184 286.184 286.184 286.184 286.184 286.184 286.175 286.009 286 286 286 286 286 286 286 286 286 286 286 286 286 286 286 286 286 286 286 286 286 286 286 286 286 286 286 286.007 286.132 286.138 286.138 286.138 286.138 286.138 286.138 286.138 286.138 286.138 286.132 286.007 286 286 286 286 286 286 286 286 286 286 286 286 286 286 286 286 286 286 286 286 286 286 286 286 286 286 286 286 286 286 286 286 286 286 286 286 286 286 286 
286 286 286 286 286 286 286 286 286.001 286.017 286.259 286.275 286.276 286.276 286.276 286.276 286.276 286.276 286.276 286.275 286.259 286.017 286.001 286 286 286 286 286 286 286 286 286 286 286 286 286 286 286 286 286 286 286 286 286 286 286 286 286 286.001 286.013 286.194 286.207 286.207 286.207 286.207 286.207 286.207 286.207 286.207 286.207 286.194 286.013 286.001 286 286 286 286 286 286 286 286 286 286 286 286 286 286 286 286 286 286 286 286 286 286 286 286 286 286 286 286 286 286 286 286 286 286 286 286 286 286 
286 286 286 286 286 286 286 286 286.002 286.028 286.341 286.367 286.369 286.369 286.369 286.369 286.369 286.369 286.369 286.367 286.341 286.028 286.002 286 286 286 286 286 286 286 286 286 286 286 286 286 286 286 286 286 286 286 286 286 286 286 286 286 286.001 286.021 286.256 286.275 286.276 286.276 286.276 286.276 286.276 286.276 286.276 286.275 286.256 286.021 286.001 286 286 286 286 286 286 286 286 286 286 286 286 286 286 286 286 286 286 286 286 286 286 286 286 286 286 286 286 286 286 286 286 286 286 286 286 286 286 
286 286 286 286 286 286 286 286 286.003 286.041 286.42 286.458 286.461 286.461 286.461 286.461 286.461 286.461 286.461 286.458 286.42 286.041 286.003 286 286 286 286 286 286 286 286 286 286 286 286 286 286 286 286 286 286 286 286 286 286 286 286 286 286.002 286.03 286.315 286.343 286.345 286.346 286.346 286.346 286.346 286.346 286.345 286.343 286.315 286.03 286.002 286 286 286 286 286 286 286 286 286 286 286 286 286 286 286 286 286 286 286 286 286 286 286 286 286 286 286 286 286 286 286 286 286 286 286 286 286 286 
286 286 286 286 286 286 286 286 286.005 286.055 286.498 286.548 286.553 286.553 286.553 286.553 286.553 286.553 286.553 286.548 286.498 286.055 286.005 286 286 286 286 286 286 286 286 286 286 286 286 286 286 286 286 286 286 286 286 286 286 286 286 286 286.004 286.041 286.373 286.411 286.414 286.415 286.415 286.415 286.415 286.415 286.414 286.411 286.373 286.041 286.004 286 286 286 286 286 286 286 286 286 286 286 286 286 286 286 286 286 286 286 286 286 286 286 286 286 286 286 286 286 286 286 286 286 286 286 286 286 286 
286 286 286 286 286 286 286 286.001 286.007 286.071 286.574 286.638 286.644 286.645 286.645 286.645 286.645 286.645 286.644 286.638 286.574 286.071 286.007 286.001 286 286 286 286 286 286 286 286 286 286 286 286 286 286 286 286 286 286 286 286 286 286 286 286 286.005 286.054 286.43 286.479 286.483 286.484 286.484 286.484 286.484 286.484 286.483 286.479 286.43 286.054 286.005 286 286 286 286 286 286 286 286 286 286 286 286 286 286 286 286 286 286 286 286 286 286 286 286 286 286 286 286 286 286 286 286 286 286 286 286 286 286 
286 286 286 286 286 286 286 286.001 286.01 286.089 286.648 286.728 286.736 286.737 286.737 286.737 286.737 286.737 286.736 286.728 286.648 286.089 286.01 286.001 286 286 286 286 286 286 286 286 286 286 286 286 286 286 286 286 286 286 286 286 286 286 286 286.001 286.007 286.067 286.486 286.546 286.552 286.553 286.553 286.553 286.553 286.553 286.552 286.546 286.486 286.067 286.007 286.001 286 286 286 286 286 286 286 286 286 286 286 286 286 286 286 286 286 286 286 286 286 286 286 286 286 286 286 286 286 286 286 286 286 286 286 286 286 
286 286 286 286 286 286 286 286.001 286.013 286.108 286.721 286.817 286.828 286.829 286.829 286.829 286.829 286.829 286.828 286.817 286.721 286.108 286.013 286.001 286 286 286 286 286 286 286 286 286 286 286 286 286 286 286 286 286 286 286 286 286 286 286 286.001 286.01 286.081 286.541 286.612 286.621 286.622 286.622 286.622 286.622 286.622 286.621 286.612 286.541 286.081 286.01 286.001 286 286 286 286 286 286 286 286 286 286 286 286 286 286 286 286 286 286 286 286 286 286 286 286 286 286 286 286 286 286 286 286 286 286 286 286 286 
286 286 286 286 286 286 286 286.002 286.016 286.129 286.793 286.905 286.92 286.921 286.922 286.922 286.922 286.921 286.92 286.905 286.793 286.129 286.016 286.002 286 286 286 286 286 286 286 286 286 286 286 286 286 286 286 286 286 286 286 286 286 286 286 286.001 286.012 286.097 286.595 286.679 286.69 286.691 286.691 286.691 286.691 286.691 286.69 286.679 286.595 286.097 286.012 286.001 286 286 286 286 286 286 286 286 286 286 286 286 286 286 286 286 286 286 286 286 286 286 286 286 286 286 286 286 286 286 286 286 286 286 286 286 286 
286 286 286 286 286 286 286 286.002 286.02 286.15 286.863 286.993 287.011 287.013 287.014 287.014 287.014 287.013 287.011 286.993 286.863 286.15 286.02 286.002 286 286 286 286 286 286 286 286 286 286 286 286 286 286 286 286 286 286 286 286 286 286 286 286.002 286.015 286.113 286.648 286.745 286.759 286.76 286.76 286.76 286.76 286.76 286.759 286.745 286.648 286.113 286.015 286.002 286 286 286 286 286 286 286 286 286 286 286 286 286 286 286 286 286 286 286 286 286 286 286 286 286 286 286 286 286 286 286 286 286 286 286 286 286 
286 286 286 286 286 286 286 286.003 286.025 286.173 286.933 287.081 287.103 287.106 287.106 287.106 287.106 287.106 287.103 287.081 286.933 286.173 286.025 286.003 286 286 286 286 286 286 286 286 286 286 286 286 286 286 286 286 286 286 286 286 286 286 286 286.002 286.019 286.13 286.7 286.811 286.827 286.829 286.829 286.829 286.829 286.829 286.827 286.811 286.7 286.13 286.019 286.002 286 286 286 286 286 286 286 286 286 286 286 286 286 286 286 286 286 286 286 286 286 286 286 286 286 286 286 286 286 286 286 286 286 286 286 286 286 
286 286 286 286 286 286 286 286.004 286.03 286.197 287.001 287.168 287.194 287.198 287.198 287.198 287.198 287.198 287.194 287.168 287.001 286.197 286.03 286.004 286 286 286 286 286 286 286 286 286 286 286 286 286 286 286 286 286 286 286 286 286 286 286 286.003 286.023 286.147 286.751 286.876 286.896 286.898 286.898 286.898 286.898 286.898 286.896 286.876 286.751 286.147 286.023 286.003 286 286 286 286 286 286 286 286 286 286 286 286 286 286 286 286 286 286 286 286 286 286 286 286 286 286 286 286 286 286 286 286 286 286 286 286 286 
286 286 286 286 286 286 286.001 286.005 286.036 286.221 287.069 287.254 287.285 287.29 287.29 287.29 287.29 287.29 287.285 287.254 287.069 286.221 286.036 286.005 286.001 286 286 286 286 286 286 286 286 286 286 286 286 286 286 286 286 286 286 286 286 286 286 286.004 286.027 286.166 286.802 286.941 286.964 286.967 286.968 286.968 286.968 286.967 286.964 286.941 286.802 286.166 286.027 286.004 286 286 286 286 286 286 286 286 286 286 286 286 286 286 286 286 286 286 286 286 286 286 286 286 286 286 286 286 286 286 286 286 286 286 286 286 286 
286 286 286 286 286 286 286.001 286.006 286.042 286.247 287.136 287.34 287.376 287.382 287.382 287.382 287.382 287.382 287.376 287.34 287.136 286.247 286.042 286.006 286.001 286 286 286 286 286 286 286 286 286 286 286 286 286 286 286 286 286 286 286 286 286 286.001 286.005 286.032 286.185 286.852 287.005 287.032 287.036 287.037 287.037 287.037 287.036 287.032 287.005 286.852 286.185 286.032 286.005 286.001 286 286 286 286 286 286 286 286 286 286 286 286 286 286 286 286 286 286 286 286 286 286 286 286 286 286 286 286 286 286 286 286 286 286 286 286 
286 286 286 286 286 286 286.001 286.007 286.049 286.273 287.202 287.425 287.467 287.473 287.474 287.474 287.474 287.473 287.467 287.425 287.202 286.273 286.049 286.007 286.001 286 286 286 286 286 286 286 286 286 286 286 286 286 286 286 286 286 286 286 286 286 286.001 286.006 286.037 286.204 286.901 287.069 287.1 287.105 287.106 287.106 287.106 287.105 287.1 287.069 286.901 286.204 286.037 286.006 286.001 286 286 286 286 286 286 286 286 286 286 286 286 286 286 286 286 286 286 286 286 286 286 286 286 286 286 286 286 286 286 286 286 286 286 286 286 
286 286 286 286 286 286 286.001 286.009 286.056 286.299 287.267 287.51 287.558 287.565 287.566 287.567 287.566 287.565 287.558 287.51 287.267 286.299 286.056 286.009 286.001 286 286 286 286 286 286 286 286 286 286 286 286 286 286 286 286 286 286 286 286 286 286.001 286.007 286.042 286.225 286.95 287.133 287.168 287.174 287.175 287.175 287.175 287.174 287.168 287.133 286.95 286.225 286.042 286.007 286.001 286 286 286 286 286 286 286 286 286 286 286 286 286 286 286 286 286 286 286 286 286 286 286 286 286 286 286 286 286 286 286 286 286 286 286 286 
286 286 286 286 286 286 286.001 286.01 286.064 286.327 287.332 287.595 287.648 287.657 287.659 287.659 287.659 287.657 287.648 287.595 287.332 286.327 286.064 286.01 286.001 286 286 286 286 286 286 286 286 286 286 286 286 286 286 286 286 286 286 286 286 286 286.001 286.008 286.048 286.245 286.999 287.196 287.236 287.243 287.244 287.244 287.244 287.243 287.236 287.196 286.999 286.245 286.048 286.008 286.001 286 286 286 286 286 286 286 286 286 286 286 286 286 286 286 286 286 286 286 286 286 286 286 286 286 286 286 286 286 286 286 286 286 286 286 286 
286 286 286 286 286 286 286.002 286.012 286.072 286.355 287.396 287.679 287.739 287.749 287.751 287.751 287.751 287.749 287.739 287.679 287.396 286.355 286.072 286.012 286.002 286 286 286 286 286 286 286 286 286 286 286 286 286 286 286 286 286 286 286 286 286 286.001 286.009 286.054 286.266 287.047 287.259 287.304 287.312 287.313 287.313 287.313 287.312 287.304 287.259 287.047 286.266 286.054 286.009 286.001 286 286 286 286 286 286 286 286 286 286 286 286 286 286 286 286 286 286 286 286 286 286 286 286 286 286 286 286 286 286 286 286 286 286 286 286 
286 286 286 286 286 286 286.002 286.014 286.081 286.384 287.459 287.762 287.829 287.841 287.843 287.843 287.843 287.841 287.829 287.762 287.459 286.384 286.081 286.014 286.002 286 286 286 286 286 286 286 286 286 286 286 286 286 286 286 286 286 286 286 286 286 286.002 286.011 286.061 286.288 287.095 287.322 287.372 287.381 287.382 287.382 287.382 287.381 287.372 287.322 287.095 286.288 286.061 286.011 286.002 286 286 286 286 286 286 286 286 286 286 286 286 286 286 286 286 286 286 286 286 286 286 286 286 286 286 286 286 286 286 286 286 286 286 286 286 
286 286 286 286 286 286 286.003 286.017 286.09 286.413 287.522 287.845 287.919 287.933 287.935 287.935 287.935 287.933 287.919 287.845 287.522 286.413 286.09 286.017 286.003 286 286 286 286 286 286 286 286 286 286 286 286 286 286 286 286 286 286 286 286 286 286.002 286.012 286.068 286.31 287.142 287.384 287.439 287.449 287.451 287.451 287.451 287.449 287.439 287.384 287.142 286.31 286.068 286.012 286.002 286 286 286 286 286 286 286 286 286 286 286 286 286 286 286 286 286 286 286 286 286 286 286 286 286 286 286 286 286 286 286 286 286 286 286 286 
286 286 286 286 286 286 286.003 286.019 286.1 286.442 287.585 287.927 288.008 288.024 288.027 288.027 288.027 288.024 288.008 287.927 287.585 286.442 286.1 286.019 286.003 286 286 286 286 286 286 286 286 286 286 286 286 286 286 286 286 286 286 286 286 286 286.002 286.014 286.075 286.332 287.189 287.446 287.506 287.518 287.52 287.52 287.52 287.518 287.506 287.446 287.189 286.332 286.075 286.014 286.002 286 286 286 286 286 286 286 286 286 286 286 286 286 286 286 286 286 286 286 286 286 286 286 286 286 286 286 286 286 286 286 286 286 286 286 286 
286 286 286 286 286 286.001 286.004 286.022 286.11 286.473 287.647 288.009 288.098 288.116 288.119 288.119 288.119 288.116 288.098 288.009 287.647 286.473 286.11 286.022 286.004 286.001 286 286 286 286 286 286 286 286 286 286 286 286 286 286 286 286 286 286 286 286 286.003 286.016 286.083 286.354 287.235 287.507 287.573 287.587 287.589 287.59 287.589 287.587 287.573 287.507 287.235 286.354 286.083 286.016 286.003 286 286 286 286 286 286 286 286 286 286 286 286 286 286 286 286 286 286 286 286 286 286 286 286 286 286 286 286 286 286 286 286 286 286 286 286 
286 286 286 286 286 286.001 286.004 286.024 286.121 286.503 287.709 288.091 288.187 288.207 288.211 288.211 288.211 288.207 288.187 288.091 287.709 286.503 286.121 286.024 286.004 286.001 286 286 286 286 286 286 286 286 286 286 286 286 286 286 286 286 286 286 286 286 286.003 286.018 286.09 286.377 287.281 287.568 287.64 287.656 287.658 287.659 287.658 287.656 287.64 287.568 287.281 286.377 286.09 286.018 286.003 286 286 286 286 286 286 286 286 286 286 286 286 286 286 286 286 286 286 286 286 286 286 286 286 286 286 286 286 286 286 286 286 286 286 286 286 
286 286 286 286 286 286.001 286.005 286.027 286.132 286.534 287.77 288.172 288.276 288.299 288.303 288.304 288.303 288.299 288.276 288.172 287.77 286.534 286.132 286.027 286.005 286.001 286 286 286 286 286 286 286 286 286 286 286 286 286 286 286 286 286 286 286 286.001 286.004 286.021 286.099 286.4 287.327 287.629 287.707 287.724 287.727 287.728 287.727 287.724 287.707 287.629 287.327 286.4 286.099 286.021 286.004 286.001 286 286 286 286 286 286 286 286 286 286 286 286 286 286 286 286 286 286 286 286 286 286 286 286 286 286 286 286 286 286 286 286 286 286 286 
286 286 286 286 286 286.001 286.006 286.031 286.143 286.565 287.831 288.253 288.365 288.39 288.395 288.396 288.395 288.39 288.365 288.253 287.831 286.565 286.143 286.031 286.006 286.001 286 286 286 286 286 286 286 286 286 286 286 286 286 286 286 286 286 286 286 286.001 286.004 286.023 286.107 286.424 287.373 287.69 287.774 287.793 287.796 287.797 287.796 287.793 287.774 287.69 287.373 286.424 286.107 286.023 286.004 286.001 286 286 286 286 286 286 286 286 286 286 286 286 286 286 286 286 286 286 286 286 286 286 286 286 286 286 286 286 286 286 286 286 286 286 286 
286 286 286 286 286 286.001 286.007 286.034 286.155 286.597 287.891 288.333 288.454 288.482 288.487 288.488 288.487 288.482 288.454 288.333 287.891 286.597 286.155 286.034 286.007 286.001 286 286 286 286 286 286 286 286 286 286 286 286 286 286 286 286 286 286 286 286.001 286.005 286.026 286.116 286.448 287.419 287.75 287.841 287.861 287.865 287.866 287.865 287.861 287.841 287.75 287.419 286.448 286.116 286.026 286.005 286.001 286 286 286 286 286 286 286 286 286 286 286 286 286 286 286 286 286 286 286 286 286 286 286 286 286 286 286 286 286 286 286 286 286 286 286 
286 286 286 286 286 286.001 286.007 286.038 286.167 286.629 287.952 288.413 288.543 288.573 288.579 288.58 288.579 288.573 288.543 288.413 287.952 286.629 286.167 286.038 286.007 286.001 286 286 286 286 286 286 286 286 286 286 286 286 286 286 286 286 286 286 286 286.001 286.006 286.028 286.125 286.471 287.464 287.81 287.907 287.93 287.934 287.935 287.934 287.93 287.907 287.81 287.464 286.471 286.125 286.028 286.006 286.001 286 286 286 286 286 286 286 286 286 286 286 286 286 286 286 286 286 286 286 286 286 286 286 286 286 286 286 286 286 286 286 286 286 286 286 
286 286 286 286 286 286.001 286.008 286.042 286.18 286.661 288.012 288.492 288.631 288.664 288.671 288.672 288.671 288.664 288.631 288.492 288.012 286.661 286.18 286.042 286.008 286.001 286 286 286 286 286 286 286 286 286 286 286 286 286 286 286 286 286 286 286 286.001 286.006 286.031 286.135 286.496 287.509 287.869 287.973 287.998 288.003 288.004 288.003 287.998 287.973 287.869 287.509 286.496 286.135 286.031 286.006 286.001 286 286 286 286 286 286 286 286 286 286 286 286 286 286 286 286 286 286 286 286 286 286 286 286 286 286 286 286 286 286 286 286 286 286 286 
286 286 286 286 286 286.002 286.009 286.046 286.193 286.693 288.071 288.572 288.719 288.755 288.763 288.764 288.763 288.755 288.719 288.572 288.071 286.693 286.193 286.046 286.009 286.002 286 286 286 286 286 286 286 286 286 286 286 286 286 286 286 286 286 286 286 286.001 286.007 286.034 286.145 286.52 287.553 287.929 288.039 288.066 288.072 288.073 288.072 288.066 288.039 287.929 287.553 286.52 286.145 286.034 286.007 286.001 286 286 286 286 286 286 286 286 286 286 286 286 286 286 286 286 286 286 286 286 286 286 286 286 286 286 286 286 286 286 286 286 286 286 286 
286 286 286 286 286 286.002 286.011 286.05 286.207 286.726 288.131 288.65 288.807 288.846 288.855 288.856 288.855 288.846 288.807 288.65 288.131 286.726 286.207 286.05 286.011 286.002 286 286 286 286 286 286 286 286 286 286 286 286 286 286 286 286 286 286 286 286.001 286.008 286.038 286.155 286.545 287.598 287.988 288.105 288.135 288.141 288.142 288.141 288.135 288.105 287.988 287.598 286.545 286.155 286.038 286.008 286.001 286 286 286 286 286 286 286 286 286 286 286 286 286 286 286 286 286 286 286 286 286 286 286 286 286 286 286 286 286 286 286 286 286 286 286 
286 286 286 286 286 286.002 286.012 286.055 286.22 286.759 288.19 288.729 288.894 288.937 288.947 288.948 288.947 288.937 288.894 288.729 288.19 286.759 286.22 286.055 286.012 286.002 286 286 286 286 286 286 286 286 286 286 286 286 286 286 286 286 286 286 286 286.002 286.009 286.041 286.165 286.569 287.642 288.046 288.171 288.203 288.21 288.211 288.21 288.203 288.171 288.046 287.642 286.569 286.165 286.041 286.009 286.002 286 286 286 286 286 286 286 286 286 286 286 286 286 286 286 286 286 286 286 286 286 286 286 286 286 286 286 286 286 286 286 286 286 286 286 
286 286 286 286 286 286.003 286.013 286.059 286.235 286.792 288.249 288.807 288.982 289.028 289.038 289.04 289.038 289.028 288.982 288.807 288.249 286.792 286.235 286.059 286.013 286.003 286 286 286 286 286 286 286 286 286 286 286 286 286 286 286 286 286 286 286 286.002 286.01 286.045 286.176 286.594 287.686 288.105 288.236 288.271 288.279 288.28 288.279 288.271 288.236 288.105 287.686 286.594 286.176 286.045 286.01 286.002 286 286 286 286 286 286 286 286 286 286 286 286 286 286 286 286 286 286 286 286 286 286 286 286 286 286 286 286 286 286 286 286 286 286 286 
286 286 286 286 286.001 286.003 286.015 286.064 286.249 286.826 288.307 288.884 289.069 289.119 289.13 289.132 289.13 289.119 289.069 288.884 288.307 286.826 286.249 286.064 286.015 286.003 286.001 286 286 286 286 286 286 286 286 286 286 286 286 286 286 286 286 286 286 286.002 286.011 286.048 286.187 286.619 287.73 288.163 288.302 288.339 288.348 288.349 288.348 288.339 288.302 288.163 287.73 286.619 286.187 286.048 286.011 286.002 286 286 286 286 286 286 286 286 286 286 286 286 286 286 286 286 286 286 286 286 286 286 286 286 286 286 286 286 286 286 286 286 286 286 286 
286 286 286 286 286.001 286.003 286.016 286.07 286.264 286.86 288.366 288.961 289.156 289.209 289.222 289.224 289.222 289.209 289.156 288.961 288.366 286.86 286.264 286.07 286.016 286.003 286.001 286 286 286 286 286 286 286 286 286 286 286 286 286 286 286 286 286 286 286.002 286.012 286.052 286.198 286.645 287.774 288.221 288.367 288.407 288.416 288.418 288.416 288.407 288.367 288.221 287.774 286.645 286.198 286.052 286.012 286.002 286 286 286 286 286 286 286 286 286 286 286 286 286 286 286 286 286 286 286 286 286 286 286 286 286 286 286 286 286 286 286 286 286 286 286 
286 286 286 286 286.001 286.004 286.018 286.075 286.279 286.894 288.424 289.038 289.242 289.3 289.314 289.316 289.314 289.3 289.242 289.038 288.424 286.894 286.279 286.075 286.018 286.004 286.001 286 286 286 286 286 286 286 286 286 286 286 286 286 286 286 286 286 286.001 286.003 286.013 286.056 286.209 286.67 287.818 288.279 288.432 288.475 288.485 288.487 288.485 288.475 288.432 288.279 287.818 286.67 286.209 286.056 286.013 286.003 286.001 286 286 286 286 286 286 286 286 286 286 286 286 286 286 286 286 286 286 286 286 286 286 286 286 286 286 286 286 286 286 286 286 286 286 
286 286 286 286 286.001 286.004 286.019 286.081 286.295 286.928 288.482 289.115 289.329 289.39 289.405 289.408 289.405 289.39 289.329 289.115 288.482 286.928 286.295 286.081 286.019 286.004 286.001 286 286 286 286 286 286 286 286 286 286 286 286 286 286 286 286 286 286.001 286.003 286.015 286.061 286.221 286.696 287.861 288.336 288.497 288.543 288.554 288.556 288.554 288.543 288.497 288.336 287.861 286.696 286.221 286.061 286.015 286.003 286.001 286 286 286 286 286 286 286 286 286 286 286 286 286 286 286 286 286 286 286 286 286 286 286 286 286 286 286 286 286 286 286 286 286 286 
286 286 286 286 286.001 286.005 286.021 286.087 286.31 286.962 288.54 289.191 289.415 289.481 289.497 289.5 289.497 289.481 289.415 289.191 288.54 286.962 286.31 286.087 286.021 286.005 286.001 286 286 286 286 286 286 286 286 286 286 286 286 286 286 286 286 286 286.001 286.003 286.016 286.065 286.233 286.722 287.905 288.393 288.561 288.61 288.623 288.625 288.623 288.61 288.561 288.393 287.905 286.722 286.233 286.065 286.016 286.003 286.001 286 286 286 286 286 286 286 286 286 286 286 286 286 286 286 286 286 286 286 286 286 286 286 286 286 286 286 286 286 286 286 286 286 286 
286 286 286 286 286.001 286.005 286.023 286.093 286.327 286.996 288.597 289.267 289.501 289.571 289.589 289.592 289.589 289.571 289.501 289.267 288.597 286.996 286.327 286.093 286.023 286.005 286.001 286 286 286 286 286 286 286 286 286 286 286 286 286 286 286 286 286 286.001 286.004 286.017 286.07 286.245 286.747 287.948 288.451 288.626 288.678 288.691 288.694 288.691 288.678 288.626 288.451 287.948 286.747 286.245 286.07 286.017 286.004 286.001 286 286 286 286 286 286 286 286 286 286 286 286 286 286 286 286 286 286 286 286 286 286 286 286 286 286 286 286 286 286 286 286 286 286 
286 286 286 286 286.001 286.006 286.025 286.099 286.343 287.031 288.655 289.343 289.587 289.661 289.68 289.684 289.68 289.661 289.587 289.343 288.655 287.031 286.343 286.099 286.025 286.006 286.001 286 286 286 286 286 286 286 286 286 286 286 286 286 286 286 286 286 286.001 286.004 286.019 286.074 286.257 286.773 287.991 288.507 288.69 288.746 288.76 288.763 288.76 288.746 288.69 288.507 287.991 286.773 286.257 286.074 286.019 286.004 286.001 286 286 286 286 286 286 286 286 286 286 286 286 286 286 286 286 286 286 286 286 286 286 286 286 286 286 286 286 286 286 286 286 286 286 
286 286 286 286 286.001 286.006 286.027 286.106 286.36 287.066 288.712 289.418 289.673 289.751 289.772 289.776 289.772 289.751 289.673 289.418 288.712 287.066 286.36 286.106 286.027 286.006 286.001 286 286 286 286 286 286 286 286 286 286 286 286 286 286 286 286 286 286.001 286.005 286.02 286.079 286.27 286.799 288.034 288.564 288.755 288.813 288.829 288.832 288.829 288.813 288.755 288.564 288.034 286.799 286.27 286.079 286.02 286.005 286.001 286 286 286 286 286 286 286 286 286 286 286 286 286 286 286 286 286 286 286 286 286 286 286 286 286 286 286 286 286 286 286 286 286 286 
286 286 286 286 286.001 286.007 286.029 286.112 286.377 287.101 288.769 289.494 289.758 289.841 289.863 289.867 289.863 289.841 289.758 289.494 288.769 287.101 286.377 286.112 286.029 286.007 286.001 286 286 286 286 286 286 286 286 286 286 286 286 286 286 286 286 286 286.001 286.005 286.022 286.084 286.283 286.826 288.077 288.62 288.819 288.881 288.897 288.901 288.897 288.881 288.819 288.62 288.077 286.826 286.283 286.084 286.022 286.005 286.001 286 286 286 286 286 286 286 286 286 286 286 286 286 286 286 286 286 286 286 286 286 286 286 286 286 286 286 286 286 286 286 286 286 286 
286 286 286 286 286.002 286.008 286.032 286.119 286.394 287.136 288.827 289.568 289.843 289.931 289.955 289.959 289.955 289.931 289.843 289.568 288.827 287.136 286.394 286.119 286.032 286.008 286.002 286 286 286 286 286 286 286 286 286 286 286 286 286 286 286 286 286 286.001 286.006 286.024 286.089 286.296 286.852 288.12 288.676 288.883 288.948 288.966 288.969 288.966 288.948 288.883 288.676 288.12 286.852 286.296 286.089 286.024 286.006 286.001 286 286 286 286 286 286 286 286 286 286 286 286 286 286 286 286 286 286 286 286 286 286 286 286 286 286 286 286 286 286 286 286 286 286 
286 286 286 286 286.002 286.008 286.034 286.126 286.412 287.171 288.883 289.643 289.928 290.02 290.046 290.051 290.046 290.02 289.928 289.643 288.883 287.171 286.412 286.126 286.034 286.008 286.002 286 286 286 286 286 286 286 286 286 286 286 286 286 286 286 286 286 286.001 286.006 286.026 286.095 286.309 286.879 288.163 288.732 288.946 289.015 289.035 289.038 289.035 289.015 288.946 288.732 288.163 286.879 286.309 286.095 286.026 286.006 286.001 286 286 286 286 286 286 286 286 286 286 286 286 286 286 286 286 286 286 286 286 286 286 286 286 286 286 286 286 286 286 286 286 286 286 
286 286 286 286 286.002 286.009 286.037 286.134 286.43 287.207 288.94 289.717 290.013 290.11 290.137 290.143 290.137 290.11 290.013 289.717 288.94 287.207 286.43 286.134 286.037 286.009 286.002 286 286 286 286 286 286 286 286 286 286 286 286 286 286 286 286 286 286.002 286.007 286.028 286.1 286.322 286.905 288.205 288.788 289.01 289.082 289.103 289.107 289.103 289.082 289.01 288.788 288.205 286.905 286.322 286.1 286.028 286.007 286.002 286 286 286 286 286 286 286 286 286 286 286 286 286 286 286 286 286 286 286 286 286 286 286 286 286 286 286 286 286 286 286 286 286 286 
286 286 286 286 286.002 286.01 286.04 286.141 286.448 287.242 288.997 289.791 290.098 290.199 290.229 290.235 290.229 290.199 290.098 289.791 288.997 287.242 286.448 286.141 286.04 286.01 286.002 286 286 286 286 286 286 286 286 286 286 286 286 286 286 286 286 286 286.002 286.007 286.03 286.106 286.336 286.932 288.248 288.844 289.073 289.15 289.172 289.176 289.172 289.15 289.073 288.844 288.248 286.932 286.336 286.106 286.03 286.007 286.002 286 286 286 286 286 286 286 286 286 286 286 286 286 286 286 286 286 286 286 286 286 286 286 286 286 286 286 286 286 286 286 286 286 286 
286 286 286 286.001 286.002 286.011 286.042 286.149 286.466 287.278 289.053 289.865 290.182 290.289 290.32 290.326 290.32 290.289 290.182 289.865 289.053 287.278 286.466 286.149 286.042 286.011 286.002 286.001 286 286 286 286 286 286 286 286 286 286 286 286 286 286 286 286 286.002 286.008 286.032 286.112 286.349 286.958 288.29 288.899 289.137 289.217 289.24 289.245 289.24 289.217 289.137 288.899 288.29 286.958 286.349 286.112 286.032 286.008 286.002 286 286 286 286 286 286 286 286 286 286 286 286 286 286 286 286 286 286 286 286 286 286 286 286 286 286 286 286 286 286 286 286 286 286 
286 286 286 286.001 286.003 286.012 286.045 286.157 286.485 287.314 289.11 289.939 290.266 290.378 290.411 290.418 290.411 290.378 290.266 289.939 289.11 287.314 286.485 286.157 286.045 286.012 286.003 286.001 286 286 286 286 286 286 286 286 286 286 286 286 286 286 286 286 286.002 286.009 286.034 286.118 286.363 286.985 288.332 288.954 289.2 289.284 289.308 289.313 289.308 289.284 289.2 288.954 288.332 286.985 286.363 286.118 286.034 286.009 286.002 286 286 286 286 286 286 286 286 286 286 286 286 286 286 286 286 286 286 286 286 286 286 286 286 286 286 286 286 286 286 286 286 286 286 
286 286 286 286.001 286.003 286.013 286.048 286.165 286.503 287.35 289.166 290.012 290.35 290.467 290.502 290.51 290.502 290.467 290.35 290.012 289.166 287.35 286.503 286.165 286.048 286.013 286.003 286.001 286 286 286 286 286 286 286 286 286 286 286 286 286 286 286 286 286.002 286.009 286.036 286.124 286.378 287.012 288.374 289.009 289.263 289.35 289.377 289.382 289.377 289.35 289.263 289.009 288.374 287.012 286.378 286.124 286.036 286.009 286.002 286 286 286 286 286 286 286 286 286 286 286 286 286 286 286 286 286 286 286 286 286 286 286 286 286 286 286 286 286 286 286 286 286 286 
286 286 286 286.001 286.003 286.014 286.051 286.174 286.522 287.386 289.222 290.085 290.434 290.556 290.593 290.601 290.593 290.556 290.434 290.085 289.222 287.386 286.522 286.174 286.051 286.014 286.003 286.001 286 286 286 286 286 286 286 286 286 286 286 286 286 286 286 286.001 286.002 286.01 286.039 286.13 286.392 287.039 288.416 289.064 289.325 289.417 289.445 289.451 289.445 289.417 289.325 289.064 288.416 287.039 286.392 286.13 286.039 286.01 286.002 286.001 286 286 286 286 286 286 286 286 286 286 286 286 286 286 286 286 286 286 286 286 286 286 286 286 286 286 286 286 286 286 286 286 286 
286 286 286 286.001 286.004 286.015 286.055 286.182 286.542 287.422 289.278 290.158 290.518 290.645 290.684 290.693 290.684 290.645 290.518 290.158 289.278 287.422 286.542 286.182 286.055 286.015 286.004 286.001 286 286 286 286 286 286 286 286 286 286 286 286 286 286 286 286.001 286.003 286.011 286.041 286.137 286.406 287.066 288.458 289.119 289.388 289.484 289.513 289.519 289.513 289.484 289.388 289.119 288.458 287.066 286.406 286.137 286.041 286.011 286.003 286.001 286 286 286 286 286 286 286 286 286 286 286 286 286 286 286 286 286 286 286 286 286 286 286 286 286 286 286 286 286 286 286 286 286 
286 286 286 286.001 286.004 286.016 286.058 286.191 286.561 287.458 289.334 290.231 290.601 290.734 290.775 290.784 290.775 290.734 290.601 290.231 289.334 287.458 286.561 286.191 286.058 286.016 286.004 286.001 286 286 286 286 286 286 286 286 286 286 286 286 286 286 286 286.001 286.003 286.012 286.043 286.143 286.421 287.094 288.5 289.173 289.451 289.55 289.581 289.588 289.581 289.55 289.451 289.173 288.5 287.094 286.421 286.143 286.043 286.012 286.003 286.001 286 286 286 286 286 286 286 286 286 286 286 286 286 286 286 286 286 286 286 286 286 286 286 286 286 286 286 286 286 286 286 286 286 
286 286 286 286.001 286.004 286.017 286.061 286.2 286.581 287.494 289.39 290.303 290.684 290.822 290.866 290.876 290.866 290.822 290.684 290.303 289.39 287.494 286.581 286.2 286.061 286.017 286.004 286.001 286 286 286 286 286 286 286 286 286 286 286 286 286 286 286 286.001 286.003 286.013 286.046 286.15 286.436 287.121 288.542 289.227 289.513 289.617 289.65 289.657 289.65 289.617 289.513 289.227 288.542 287.121 286.436 286.15 286.046 286.013 286.003 286.001 286 286 286 286 286 286 286 286 286 286 286 286 286 286 286 286 286 286 286 286 286 286 286 286 286 286 286 286 286 286 286 286 286 
286 286 286 286.001 286.005 286.018 286.065 286.209 286.601 287.531 289.445 290.375 290.767 290.911 290.957 290.967 290.957 290.911 290.767 290.375 289.445 287.531 286.601 286.209 286.065 286.018 286.005 286.001 286 286 286 286 286 286 286 286 286 286 286 286 286 286 286 286.001 286.003 286.014 286.049 286.157 286.451 287.148 288.584 289.282 289.575 289.683 289.718 289.725 289.718 289.683 289.575 289.282 288.584 287.148 286.451 286.157 286.049 286.014 286.003 286.001 286 286 286 286 286 286 286 286 286 286 286 286 286 286 286 286 286 286 286 286 286 286 286 286 286 286 286 286 286 286 286 286 286 
286 286 286 286.001 286.005 286.02 286.069 286.219 286.621 287.568 289.501 290.447 290.85 290.999 291.048 291.058 291.048 290.999 290.85 290.447 289.501 287.568 286.621 286.219 286.069 286.02 286.005 286.001 286 286 286 286 286 286 286 286 286 286 286 286 286 286 286 286.001 286.004 286.015 286.052 286.164 286.466 287.176 288.626 289.336 289.637 289.75 289.786 289.794 289.786 289.75 289.637 289.336 288.626 287.176 286.466 286.164 286.052 286.015 286.004 286.001 286 286 286 286 286 286 286 286 286 286 286 286 286 286 286 286 286 286 286 286 286 286 286 286 286 286 286 286 286 286 286 286 286 
286 286 286 286.001 286.005 286.021 286.073 286.228 286.641 287.604 289.556 290.519 290.932 291.088 291.138 291.15 291.138 291.088 290.932 290.519 289.556 287.604 286.641 286.228 286.073 286.021 286.005 286.001 286 286 286 286 286 286 286 286 286 286 286 286 286 286 286 286.001 286.004 286.016 286.054 286.171 286.481 287.203 288.667 289.389 289.699 289.816 289.854 289.862 289.854 289.816 289.699 289.389 288.667 287.203 286.481 286.171 286.054 286.016 286.004 286.001 286 286 286 286 286 286 286 286 286 286 286 286 286 286 286 286 286 286 286 286 286 286 286 286 286 286 286 286 286 286 286 286 286 
286 286 286 286.001 286.006 286.022 286.077 286.238 286.662 287.641 289.612 290.591 291.015 291.176 291.229 291.241 291.229 291.176 291.015 290.591 289.612 287.641 286.662 286.238 286.077 286.022 286.006 286.001 286 286 286 286 286 286 286 286 286 286 286 286 286 286 286 286.001 286.004 286.017 286.057 286.178 286.496 287.231 288.709 289.443 289.761 289.882 289.922 289.931 289.922 289.882 289.761 289.443 288.709 287.231 286.496 286.178 286.057 286.017 286.004 286.001 286 286 286 286 286 286 286 286 286 286 286 286 286 286 286 286 286 286 286 286 286 286 286 286 286 286 286 286 286 286 286 286 286 
286 286 286 286.002 286.006 286.024 286.081 286.248 286.683 287.678 289.667 290.662 291.097 291.264 291.32 291.332 291.32 291.264 291.097 290.662 289.667 287.678 286.683 286.248 286.081 286.024 286.006 286.002 286 286 286 286 286 286 286 286 286 286 286 286 286 286 286 286.001 286.005 286.018 286.06 286.186 286.512 287.258 288.75 289.497 289.823 289.948 289.99 289.999 289.99 289.948 289.823 289.497 288.75 287.258 286.512 286.186 286.06 286.018 286.005 286.001 286 286 286 286 286 286 286 286 286 286 286 286 286 286 286 286 286 286 286 286 286 286 286 286 286 286 286 286 286 286 286 286 286 
286 286 286 286.002 286.007 286.025 286.085 286.258 286.704 287.715 289.722 290.733 291.179 291.352 291.41 291.423 291.41 291.352 291.179 290.733 289.722 287.715 286.704 286.258 286.085 286.025 286.007 286.002 286 286 286 286 286 286 286 286 286 286 286 286 286 286 286 286.001 286.005 286.019 286.064 286.193 286.528 287.286 288.792 289.55 289.884 290.014 290.058 290.067 290.058 290.014 289.884 289.55 288.792 287.286 286.528 286.193 286.064 286.019 286.005 286.001 286 286 286 286 286 286 286 286 286 286 286 286 286 286 286 286 286 286 286 286 286 286 286 286 286 286 286 286 286 286 286 286 286 
286 286 286 286.002 286.007 286.027 286.089 286.268 286.725 287.752 289.778 290.804 291.261 291.44 291.5 291.514 291.5 291.44 291.261 290.804 289.778 287.752 286.725 286.268 286.089 286.027 286.007 286.002 286 286 286 286 286 286 286 286 286 286 286 286 286 286 286 286.001 286.006 286.02 286.067 286.201 286.544 287.314 288.833 289.603 289.946 290.08 290.125 290.136 290.125 290.08 289.946 289.603 288.833 287.314 286.544 286.201 286.067 286.02 286.006 286.001 286 286 286 286 286 286 286 286 286 286 286 286 286 286 286 286 286 286 286 286 286 286 286 286 286 286 286 286 286 286 286 286 286 
286 286 286 286.002 286.008 286.028 286.094 286.279 286.746 287.789 289.833 290.875 291.343 291.527 291.591 291.606 291.591 291.527 291.343 290.875 289.833 287.789 286.746 286.279 286.094 286.028 286.008 286.002 286 286 286 286 286 286 286 286 286 286 286 286 286 286 286 286.002 286.006 286.021 286.07 286.209 286.56 287.342 288.874 289.656 290.007 290.145 290.193 290.204 290.193 290.145 290.007 289.656 288.874 287.342 286.56 286.209 286.07 286.021 286.006 286.002 286 286 286 286 286 286 286 286 286 286 286 286 286 286 286 286 286 286 286 286 286 286 286 286 286 286 286 286 286 286 286 286 286 
286 286 286.001 286.002 286.008 286.03 286.098 286.289 286.768 287.826 289.888 290.946 291.424 291.615 291.681 291.697 291.681 291.615 291.424 290.946 289.888 287.826 286.768 286.289 286.098 286.03 286.008 286.002 286.001 286 286 286 286 286 286 286 286 286 286 286 286 286 286 286.002 286.006 286.023 286.074 286.217 286.576 287.369 288.916 289.709 290.068 290.211 290.261 290.272 290.261 290.211 290.068 289.709 288.916 287.369 286.576 286.217 286.074 286.023 286.006 286.002 286 286 286 286 286 286 286 286 286 286 286 286 286 286 286 286 286 286 286 286 286 286 286 286 286 286 286 286 286 286 286 286 286 
286 286 286.001 286.002 286.009 286.032 286.103 286.3 286.789 287.863 289.943 291.016 291.505 291.702 291.771 291.787 291.771 291.702 291.505 291.016 289.943 287.863 286.789 286.3 286.103 286.032 286.009 286.002 286.001 286 286 286 286 286 286 286 286 286 286 286 286 286 286 286.002 286.007 286.024 286.077 286.225 286.592 287.397 288.957 289.762 290.129 290.277 290.328 290.341 290.328 290.277 290.129 289.762 288.957 287.397 286.592 286.225 286.077 286.024 286.007 286.002 286 286 286 286 286 286 286 286 286 286 286 286 286 286 286 286 286 286 286 286 286 286 286 286 286 286 286 286 286 286 286 286 286 
286 286 286.001 286.003 286.01 286.034 286.108 286.311 286.811 287.9 289.997 291.087 291.587 291.79 291.861 291.878 291.861 291.79 291.587 291.087 289.997 287.9 286.811 286.311 286.108 286.034 286.01 286.003 286.001 286 286 286 286 286 286 286 286 286 286 286 286 286 286 286.002 286.007 286.025 286.081 286.233 286.608 287.425 288.998 289.815 290.19 290.342 290.396 290.409 290.396 290.342 290.19 289.815 288.998 287.425 286.608 286.233 286.081 286.025 286.007 286.002 286 286 286 286 286 286 286 286 286 286 286 286 286 286 286 286 286 286 286 286 286 286 286 286 286 286 286 286 286 286 286 286 286 
286 286 286.001 286.003 286.01 286.036 286.113 286.322 286.833 287.938 290.052 291.157 291.668 291.877 291.951 291.969 291.951 291.877 291.668 291.157 290.052 287.938 286.833 286.322 286.113 286.036 286.01 286.003 286.001 286 286 286 286 286 286 286 286 286 286 286 286 286 286.001 286.002 286.008 286.027 286.084 286.242 286.625 287.453 289.039 289.868 290.251 290.408 290.464 290.477 290.464 290.408 290.251 289.868 289.039 287.453 286.625 286.242 286.084 286.027 286.008 286.002 286.001 286 286 286 286 286 286 286 286 286 286 286 286 286 286 286 286 286 286 286 286 286 286 286 286 286 286 286 286 286 286 286 286 
286 286 286.001 286.003 286.011 286.038 286.118 286.334 286.855 287.975 290.107 291.227 291.748 291.964 292.041 292.06 292.041 291.964 291.748 291.227 290.107 287.975 286.855 286.334 286.118 286.038 286.011 286.003 286.001 286 286 286 286 286 286 286 286 286 286 286 286 286 286.001 286.002 286.008 286.028 286.088 286.25 286.641 287.481 289.08 289.92 290.311 290.473 290.531 290.545 290.531 290.473 290.311 289.92 289.08 287.481 286.641 286.25 286.088 286.028 286.008 286.002 286.001 286 286 286 286 286 286 286 286 286 286 286 286 286 286 286 286 286 286 286 286 286 286 286 286 286 286 286 286 286 286 286 286 
286 286 286.001 286.003 286.012 286.04 286.123 286.345 286.878 288.013 290.161 291.297 291.829 292.051 292.131 292.151 292.131 292.051 291.829 291.297 290.161 288.013 286.878 286.345 286.123 286.04 286.012 286.003 286.001 286 286 286 286 286 286 286 286 286 286 286 286 286 286.001 286.002 286.009 286.03 286.092 286.259 286.658 287.51 289.121 289.973 290.372 290.538 290.598 290.613 290.598 290.538 290.372 289.973 289.121 287.51 286.658 286.259 286.092 286.03 286.009 286.002 286.001 286 286 286 286 286 286 286 286 286 286 286 286 286 286 286 286 286 286 286 286 286 286 286 286 286 286 286 286 286 286 286 286 
286 286 286.001 286.003 286.013 286.042 286.128 286.357 286.9 288.05 290.216 291.366 291.91 292.137 292.221 292.241 292.221 292.137 291.91 291.366 290.216 288.05 286.9 286.357 286.128 286.042 286.013 286.003 286.001 286 286 286 286 286 286 286 286 286 286 286 286 286 286.001 286.003 286.009 286.031 286.096 286.267 286.675 287.538 289.162 290.025 290.432 290.603 290.666 290.681 290.666 290.603 290.432 290.025 289.162 287.538 286.675 286.267 286.096 286.031 286.009 286.003 286.001 286 286 286 286 286 286 286 286 286 286 286 286 286 286 286 286 286 286 286 286 286 286 286 286 286 286 286 286 286 286 286 286 
286 286 286.001 286.004 286.013 286.044 286.133 286.368 286.923 288.088 290.27 291.436 291.99 292.224 292.311 292.332 292.311 292.224 291.99 291.436 290.27 288.088 286.923 286.368 286.133 286.044 286.013 286.004 286.001 286 286 286 286 286 286 286 286 286 286 286 286 286 286.001 286.003 286.01 286.033 286.1 286.276 286.692 287.566 289.203 290.077 290.492 290.668 290.733 290.749 290.733 290.668 290.492 290.077 289.203 287.566 286.692 286.276 286.1 286.033 286.01 286.003 286.001 286 286 286 286 286 286 286 286 286 286 286 286 286 286 286 286 286 286 286 286 286 286 286 286 286 286 286 286 286 286 286 286 
286 286 286.001 286.004 286.014 286.046 286.139 286.38 286.945 288.126 290.325 291.505 292.07 292.311 292.4 292.422 292.4 292.311 292.07 291.505 290.325 288.126 286.945 286.38 286.139 286.046 286.014 286.004 286.001 286 286 286 286 286 286 286 286 286 286 286 286 286 286.001 286.003 286.011 286.035 286.104 286.285 286.709 287.594 289.244 290.129 290.553 290.733 290.8 290.817 290.8 290.733 290.553 290.129 289.244 287.594 286.709 286.285 286.104 286.035 286.011 286.003 286.001 286 286 286 286 286 286 286 286 286 286 286 286 286 286 286 286 286 286 286 286 286 286 286 286 286 286 286 286 286 286 286 286 
286 286 286.001 286.004 286.015 286.049 286.145 286.393 286.968 288.164 290.379 291.574 292.15 292.397 292.49 292.513 292.49 292.397 292.15 291.574 290.379 288.164 286.968 286.393 286.145 286.049 286.015 286.004 286.001 286 286 286 286 286 286 286 286 286 286 286 286 286 286.001 286.003 286.011 286.036 286.108 286.294 286.726 287.623 289.284 290.181 290.613 290.798 290.868 290.885 290.868 290.798 290.613 290.181 289.284 287.623 286.726 286.294 286.108 286.036 286.011 286.003 286.001 286 286 286 286 286 286 286 286 286 286 286 286 286 286 286 286 286 286 286 286 286 286 286 286 286 286 286 286 286 286 286 286 
286 286 286.001 286.005 286.016 286.051 286.15 286.405 286.991 288.201 290.434 291.643 292.23 292.483 292.58 292.603 292.58 292.483 292.23 291.643 290.434 288.201 286.991 286.405 286.15 286.051 286.016 286.005 286.001 286 286 286 286 286 286 286 286 286 286 286 286 286 286.001 286.003 286.012 286.038 286.113 286.304 286.744 287.651 289.325 290.233 290.672 290.863 290.935 290.952 290.935 290.863 290.672 290.233 289.325 287.651 286.744 286.304 286.113 286.038 286.012 286.003 286.001 286 286 286 286 286 286 286 286 286 286 286 286 286 286 286 286 286 286 286 286 286 286 286 286 286 286 286 286 286 286 286 286 
286 286 286.001 286.005 286.017 286.053 286.156 286.417 287.015 288.239 290.488 291.712 292.31 292.57 292.669 292.694 292.669 292.57 292.31 291.712 290.488 288.239 287.015 286.417 286.156 286.053 286.017 286.005 286.001 286 286 286 286 286 286 286 286 286 286 286 286 286 286.001 286.004 286.013 286.04 286.117 286.313 286.761 287.68 289.366 290.284 290.732 290.927 291.002 291.02 291.002 290.927 290.732 290.284 289.366 287.68 286.761 286.313 286.117 286.04 286.013 286.004 286.001 286 286 286 286 286 286 286 286 286 286 286 286 286 286 286 286 286 286 286 286 286 286 286 286 286 286 286 286 286 286 286 286 
286 286 286.001 286.005 286.018 286.056 286.162 286.43 287.038 288.277 290.542 291.781 292.389 292.656 292.758 292.784 292.758 292.656 292.389 291.781 290.542 288.277 287.038 286.43 286.162 286.056 286.018 286.005 286.001 286 286 286 286 286 286 286 286 286 286 286 286 286 286.001 286.004 286.013 286.042 286.122 286.322 286.779 287.708 289.406 290.336 290.792 290.992 291.069 291.088 291.069 290.992 290.792 290.336 289.406 287.708 286.779 286.322 286.122 286.042 286.013 286.004 286.001 286 286 286 286 286 286 286 286 286 286 286 286 286 286 286 286 286 286 286 286 286 286 286 286 286 286 286 286 286 286 286 286 
286 286 286.002 286.006 286.019 286.059 286.168 286.443 287.062 288.315 290.596 291.85 292.468 292.742 292.847 292.874 292.847 292.742 292.468 291.85 290.596 288.315 287.062 286.443 286.168 286.059 286.019 286.006 286.002 286 286 286 286 286 286 286 286 286 286 286 286 286 286.001 286.004 286.014 286.044 286.126 286.332 286.796 287.737 289.447 290.387 290.851 291.056 291.136 291.156 291.136 291.056 290.851 290.387 289.447 287.737 286.796 286.332 286.126 286.044 286.014 286.004 286.001 286 286 286 286 286 286 286 286 286 286 286 286 286 286 286 286 286 286 286 286 286 286 286 286 286 286 286 286 286 286 286 286 
286 286 286.002 286.006 286.02 286.061 286.174 286.456 287.085 288.353 290.65 291.918 292.548 292.828 292.937 292.964 292.937 292.828 292.548 291.918 290.65 288.353 287.085 286.456 286.174 286.061 286.02 286.006 286.002 286 286 286 286 286 286 286 286 286 286 286 286 286 286.001 286.004 286.015 286.046 286.131 286.342 286.814 287.765 289.488 290.439 290.911 291.121 291.202 291.223 291.202 291.121 290.911 290.439 289.488 287.765 286.814 286.342 286.131 286.046 286.015 286.004 286.001 286 286 286 286 286 286 286 286 286 286 286 286 286 286 286 286 286 286 286 286 286 286 286 286 286 286 286 286 286 286 286 286 
286 286 286.002 286.006 286.021 286.064 286.181 286.469 287.109 288.392 290.704 291.987 292.627 292.913 293.026 293.054 293.026 292.913 292.627 291.987 290.704 288.392 287.109 286.469 286.181 286.064 286.021 286.006 286.002 286 286 286 286 286 286 286 286 286 286 286 286 286 286.001 286.005 286.016 286.048 286.136 286.351 286.832 287.794 289.528 290.49 290.97 291.185 291.269 291.291 291.269 291.185 290.97 290.49 289.528 287.794 286.832 286.351 286.136 286.048 286.016 286.005 286.001 286 286 286 286 286 286 286 286 286 286 286 286 286 286 286 286 286 286 286 286 286 286 286 286 286 286 286 286 286 286 286 286 
286 286 286.002 286.007 286.022 286.067 286.187 286.482 287.133 288.43 290.758 292.055 292.706 292.999 293.115 293.144 293.115 292.999 292.706 292.055 290.758 288.43 287.133 286.482 286.187 286.067 286.022 286.007 286.002 286 286 286 286 286 286 286 286 286 286 286 286 286 286.001 286.005 286.016 286.05 286.14 286.361 286.85 287.822 289.569 290.541 291.029 291.249 291.336 291.358 291.336 291.249 291.029 290.541 289.569 287.822 286.85 286.361 286.14 286.05 286.016 286.005 286.001 286 286 286 286 286 286 286 286 286 286 286 286 286 286 286 286 286 286 286 286 286 286 286 286 286 286 286 286 286 286 286 286 
286 286.001 286.002 286.007 286.023 286.07 286.194 286.495 287.157 288.468 290.812 292.123 292.784 293.084 293.203 293.234 293.203 293.084 292.784 292.123 290.812 288.468 287.157 286.495 286.194 286.07 286.023 286.007 286.002 286.001 286 286 286 286 286 286 286 286 286 286 286 286 286.002 286.005 286.017 286.052 286.145 286.371 286.868 287.851 289.609 290.592 291.088 291.313 291.403 291.426 291.403 291.313 291.088 290.592 289.609 287.851 286.868 286.371 286.145 286.052 286.017 286.005 286.002 286 286 286 286 286 286 286 286 286 286 286 286 286 286 286 286 286 286 286 286 286 286 286 286 286 286 286 286 286 286 286 286 
286 286.001 286.002 286.007 286.024 286.073 286.2 286.509 287.181 288.506 290.866 292.191 292.863 293.17 293.292 293.324 293.292 293.17 292.863 292.191 290.866 288.506 287.181 286.509 286.2 286.073 286.024 286.007 286.002 286.001 286 286 286 286 286 286 286 286 286 286 286 286 286.002 286.006 286.018 286.054 286.15 286.382 286.886 287.88 289.649 290.643 291.147 291.377 291.469 291.493 291.469 291.377 291.147 290.643 289.649 287.88 286.886 286.382 286.15 286.054 286.018 286.006 286.002 286 286 286 286 286 286 286 286 286 286 286 286 286 286 286 286 286 286 286 286 286 286 286 286 286 286 286 286 286 286 286 286 
286 286.001 286.002 286.008 286.025 286.076 286.207 286.522 287.205 288.545 290.92 292.259 292.941 293.255 293.381 293.414 293.381 293.255 292.941 292.259 290.92 288.545 287.205 286.522 286.207 286.076 286.025 286.008 286.002 286.001 286 286 286 286 286 286 286 286 286 286 286 286 286.002 286.006 286.019 286.057 286.155 286.392 286.904 287.909 289.69 290.694 291.206 291.441 291.536 291.56 291.536 291.441 291.206 290.694 289.69 287.909 286.904 286.392 286.155 286.057 286.019 286.006 286.002 286 286 286 286 286 286 286 286 286 286 286 286 286 286 286 286 286 286 286 286 286 286 286 286 286 286 286 286 286 286 286 286 
286 286.001 286.002 286.008 286.027 286.079 286.214 286.536 287.23 288.583 290.973 292.326 293.02 293.34 293.47 293.503 293.47 293.34 293.02 292.326 290.973 288.583 287.23 286.536 286.214 286.079 286.027 286.008 286.002 286.001 286 286 286 286 286 286 286 286 286 286 286 286.001 286.002 286.006 286.02 286.059 286.161 286.402 286.922 287.937 289.73 290.745 291.265 291.505 291.602 291.627 291.602 291.505 291.265 290.745 289.73 287.937 286.922 286.402 286.161 286.059 286.02 286.006 286.002 286.001 286 286 286 286 286 286 286 286 286 286 286 286 286 286 286 286 286 286 286 286 286 286 286 286 286 286 286 286 286 286 286 
286 286.001 286.003 286.009 286.028 286.082 286.221 286.55 287.254 288.622 291.027 292.394 293.098 293.425 293.558 293.593 293.558 293.425 293.098 292.394 291.027 288.622 287.254 286.55 286.221 286.082 286.028 286.009 286.003 286.001 286 286 286 286 286 286 286 286 286 286 286 286.001 286.002 286.007 286.021 286.061 286.166 286.413 286.941 287.966 289.77 290.796 291.323 291.569 291.669 291.695 291.669 291.569 291.323 290.796 289.77 287.966 286.941 286.413 286.166 286.061 286.021 286.007 286.002 286.001 286 286 286 286 286 286 286 286 286 286 286 286 286 286 286 286 286 286 286 286 286 286 286 286 286 286 286 286 286 286 286 
286 286.001 286.003 286.009 286.029 286.085 286.228 286.564 287.279 288.66 291.081 292.462 293.176 293.51 293.646 293.682 293.646 293.51 293.176 292.462 291.081 288.66 287.279 286.564 286.228 286.085 286.029 286.009 286.003 286.001 286 286 286 286 286 286 286 286 286 286 286 286.001 286.002 286.007 286.022 286.064 286.171 286.423 286.959 287.995 289.811 290.846 291.382 291.632 291.735 291.762 291.735 291.632 291.382 290.846 289.811 287.995 286.959 286.423 286.171 286.064 286.022 286.007 286.002 286.001 286 286 286 286 286 286 286 286 286 286 286 286 286 286 286 286 286 286 286 286 286 286 286 286 286 286 286 286 286 286 286 
286 286.001 286.003 286.01 286.031 286.088 286.236 286.578 287.304 288.699 291.134 292.529 293.254 293.594 293.735 293.772 293.735 293.594 293.254 292.529 291.134 288.699 287.304 286.578 286.236 286.088 286.031 286.01 286.003 286.001 286 286 286 286 286 286 286 286 286 286 286 286.001 286.002 286.007 286.023 286.066 286.177 286.434 286.978 288.024 289.851 290.897 291.44 291.696 291.801 291.829 291.801 291.696 291.44 290.897 289.851 288.024 286.978 286.434 286.177 286.066 286.023 286.007 286.002 286.001 286 286 286 286 286 286 286 286 286 286 286 286 286 286 286 286 286 286 286 286 286 286 286 286 286 286 286 286 286 286 286 
286 286.001 286.003 286.01 286.032 286.092 286.243 286.593 287.329 288.737 291.188 292.596 293.332 293.679 293.823 293.861 293.823 293.679 293.332 292.596 291.188 288.737 287.329 286.593 286.243 286.092 286.032 286.01 286.003 286.001 286 286 286 286 286 286 286 286 286 286 286 286.001 286.002 286.008 286.024 286.069 286.182 286.444 286.997 288.053 289.891 290.947 291.499 291.759 291.867 291.896 291.867 291.759 291.499 290.947 289.891 288.053 286.997 286.444 286.182 286.069 286.024 286.008 286.002 286.001 286 286 286 286 286 286 286 286 286 286 286 286 286 286 286 286 286 286 286 286 286 286 286 286 286 286 286 286 286 286 286 
286 286.001 286.003 286.011 286.033 286.095 286.25 286.607 287.354 288.776 291.241 292.663 293.409 293.764 293.911 293.95 293.911 293.764 293.409 292.663 291.241 288.776 287.354 286.607 286.25 286.095 286.033 286.011 286.003 286.001 286 286 286 286 286 286 286 286 286 286 286 286.001 286.002 286.008 286.025 286.071 286.188 286.455 287.015 288.082 289.931 290.997 291.557 291.823 291.933 291.963 291.933 291.823 291.557 290.997 289.931 288.082 287.015 286.455 286.188 286.071 286.025 286.008 286.002 286.001 286 286 286 286 286 286 286 286 286 286 286 286 286 286 286 286 286 286 286 286 286 286 286 286 286 286 286 286 286 286 286 
286 286.001 286.004 286.012 286.035 286.099 286.258 286.622 287.379 288.815 291.295 292.73 293.487 293.848 293.999 294.04 293.999 293.848 293.487 292.73 291.295 288.815 287.379 286.622 286.258 286.099 286.035 286.012 286.004 286.001 286 286 286 286 286 286 286 286 286 286 286 286.001 286.003 286.009 286.026 286.074 286.193 286.466 287.034 288.111 289.971 291.048 291.615 291.886 291.999 292.03 291.999 291.886 291.615 291.048 289.971 288.111 287.034 286.466 286.193 286.074 286.026 286.009 286.003 286.001 286 286 286 286 286 286 286 286 286 286 286 286 286 286 286 286 286 286 286 286 286 286 286 286 286 286 286 286 286 286 286 
286 286.001 286.004 286.012 286.037 286.102 286.266 286.636 287.404 288.853 291.348 292.797 293.564 293.932 294.087 294.129 294.087 293.932 293.564 292.797 291.348 288.853 287.404 286.636 286.266 286.102 286.037 286.012 286.004 286.001 286 286 286 286 286 286 286 286 286 286 286 286.001 286.003 286.009 286.027 286.077 286.199 286.477 287.053 288.14 290.011 291.098 291.673 291.949 292.065 292.096 292.065 291.949 291.673 291.098 290.011 288.14 287.053 286.477 286.199 286.077 286.027 286.009 286.003 286.001 286 286 286 286 286 286 286 286 286 286 286 286 286 286 286 286 286 286 286 286 286 286 286 286 286 286 286 286 286 286 286 
286 286.001 286.004 286.013 286.038 286.106 286.273 286.651 287.43 288.892 291.402 292.864 293.641 294.016 294.175 294.218 294.175 294.016 293.641 292.864 291.402 288.892 287.43 286.651 286.273 286.106 286.038 286.013 286.004 286.001 286 286 286 286 286 286 286 286 286 286 286 286.001 286.003 286.01 286.029 286.08 286.205 286.488 287.072 288.169 290.051 291.148 291.731 292.012 292.131 292.163 292.131 292.012 291.731 291.148 290.051 288.169 287.072 286.488 286.205 286.08 286.029 286.01 286.003 286.001 286 286 286 286 286 286 286 286 286 286 286 286 286 286 286 286 286 286 286 286 286 286 286 286 286 286 286 286 286 286 286 
286 286.001 286.004 286.013 286.04 286.11 286.281 286.666 287.455 288.931 291.455 292.931 293.719 294.1 294.263 294.307 294.263 294.1 293.719 292.931 291.455 288.931 287.455 286.666 286.281 286.11 286.04 286.013 286.004 286.001 286 286 286 286 286 286 286 286 286 286 286 286.001 286.003 286.01 286.03 286.082 286.211 286.5 287.091 288.198 290.091 291.198 291.789 292.075 292.197 292.23 292.197 292.075 291.789 291.198 290.091 288.198 287.091 286.5 286.211 286.082 286.03 286.01 286.003 286.001 286 286 286 286 286 286 286 286 286 286 286 286 286 286 286 286 286 286 286 286 286 286 286 286 286 286 286 286 286 286 286 
286 286.001 286.004 286.014 286.041 286.114 286.289 286.681 287.481 288.97 291.508 292.997 293.796 294.184 294.35 294.395 294.35 294.184 293.796 292.997 291.508 288.97 287.481 286.681 286.289 286.114 286.041 286.014 286.004 286.001 286 286 286 286 286 286 286 286 286 286 286 286.001 286.003 286.011 286.031 286.085 286.217 286.511 287.11 288.227 290.131 291.248 291.847 292.138 292.263 292.296 292.263 292.138 291.847 291.248 290.131 288.227 287.11 286.511 286.217 286.085 286.031 286.011 286.003 286.001 286 286 286 286 286 286 286 286 286 286 286 286 286 286 286 286 286 286 286 286 286 286 286 286 286 286 286 286 286 286 286 
286 286.001 286.005 286.015 286.043 286.118 286.297 286.696 287.506 289.009 291.561 293.064 293.872 294.268 294.438 294.484 294.438 294.268 293.872 293.064 291.561 289.009 287.506 286.696 286.297 286.118 286.043 286.015 286.005 286.001 286 286 286 286 286 286 286 286 286 286 286 286.001 286.004 286.011 286.032 286.088 286.223 286.522 287.13 288.257 290.171 291.298 291.904 292.201 292.329 292.363 292.329 292.201 291.904 291.298 290.171 288.257 287.13 286.522 286.223 286.088 286.032 286.011 286.004 286.001 286 286 286 286 286 286 286 286 286 286 286 286 286 286 286 286 286 286 286 286 286 286 286 286 286 286 286 286 286 286 286 
286 286.001 286.005 286.015 286.045 286.122 286.306 286.712 287.532 289.048 291.615 293.13 293.949 294.352 294.525 294.573 294.525 294.352 293.949 293.13 291.615 289.048 287.532 286.712 286.306 286.122 286.045 286.015 286.005 286.001 286 286 286 286 286 286 286 286 286 286 286 286.001 286.004 286.012 286.034 286.091 286.229 286.534 287.149 288.286 290.211 291.348 291.962 292.264 292.394 292.43 292.394 292.264 291.962 291.348 290.211 288.286 287.149 286.534 286.229 286.091 286.034 286.012 286.004 286.001 286 286 286 286 286 286 286 286 286 286 286 286 286 286 286 286 286 286 286 286 286 286 286 286 286 286 286 286 286 286 286 
286 286.001 286.005 286.016 286.047 286.126 286.314 286.727 287.558 289.087 291.668 293.196 294.026 294.435 294.613 294.661 294.613 294.435 294.026 293.196 291.668 289.087 287.558 286.727 286.314 286.126 286.047 286.016 286.005 286.002 286 286 286 286 286 286 286 286 286 286 286 286.001 286.004 286.012 286.035 286.094 286.235 286.545 287.168 288.315 290.251 291.397 292.019 292.327 292.46 292.496 292.46 292.327 292.019 291.397 290.251 288.315 287.168 286.545 286.235 286.094 286.035 286.012 286.004 286.001 286 286 286 286 286 286 286 286 286 286 286 286 286 286 286 286 286 286 286 286 286 286 286 286 286 286 286 286 286 286 286 
286 286.002 286.005 286.017 286.048 286.13 286.322 286.743 287.584 289.126 291.721 293.262 294.102 294.519 294.7 294.75 294.7 294.519 294.102 293.262 291.721 289.126 287.584 286.743 286.322 286.13 286.048 286.017 286.005 286.002 286 286 286 286 286 286 286 286 286 286 286 286.001 286.004 286.013 286.036 286.097 286.242 286.557 287.188 288.344 290.291 291.447 292.077 292.389 292.525 292.562 292.525 292.389 292.077 291.447 290.291 288.344 287.188 286.557 286.242 286.097 286.036 286.013 286.004 286.001 286 286 286 286 286 286 286 286 286 286 286 286 286 286 286 286 286 286 286 286 286 286 286 286 286 286 286 286 286 286 286 
286 286.002 286.006 286.018 286.05 286.134 286.331 286.758 287.61 289.165 291.774 293.329 294.179 294.602 294.787 294.838 294.787 294.602 294.179 293.329 291.774 289.165 287.61 286.758 286.331 286.134 286.05 286.018 286.006 286.002 286.001 286 286 286 286 286 286 286 286 286 286 286.001 286.004 286.013 286.038 286.1 286.248 286.569 287.207 288.373 290.331 291.496 292.134 292.452 292.59 292.629 292.59 292.452 292.134 291.496 290.331 288.373 287.207 286.569 286.248 286.1 286.038 286.013 286.004 286.001 286 286 286 286 286 286 286 286 286 286 286 286 286 286 286 286 286 286 286 286 286 286 286 286 286 286 286 286 286 286 286 
286 286.002 286.006 286.018 286.052 286.138 286.34 286.774 287.636 289.204 291.827 293.394 294.255 294.685 294.874 294.926 294.874 294.685 294.255 293.394 291.827 289.204 287.636 286.774 286.34 286.138 286.052 286.018 286.006 286.002 286.001 286 286 286 286 286 286 286 286 286 286 286.001 286.005 286.014 286.039 286.104 286.255 286.581 287.227 288.403 290.37 291.546 292.191 292.514 292.656 292.695 292.656 292.514 292.191 291.546 290.37 288.403 287.227 286.581 286.255 286.104 286.039 286.014 286.005 286.001 286 286 286 286 286 286 286 286 286 286 286 286 286 286 286 286 286 286 286 286 286 286 286 286 286 286 286 286 286 286 286 
286 286.002 286.006 286.019 286.054 286.143 286.348 286.79 287.662 289.243 291.88 293.46 294.331 294.768 294.961 295.015 294.961 294.768 294.331 293.46 291.88 289.243 287.662 286.79 286.348 286.143 286.054 286.019 286.006 286.002 286.001 286 286 286 286 286 286 286 286 286 286 286.001 286.005 286.014 286.041 286.107 286.261 286.593 287.247 288.432 290.41 291.595 292.248 292.576 292.721 292.761 292.721 292.576 292.248 291.595 290.41 288.432 287.247 286.593 286.261 286.107 286.041 286.014 286.005 286.001 286 286 286 286 286 286 286 286 286 286 286 286 286 286 286 286 286 286 286 286 286 286 286 286 286 286 286 286 286 286 286 
