286 286 286 286 286 286 286 286 286 286 286 286 286 286 286 286 286 286 286 286 286 286 286 286 286 286 286 286 286 286 286 286 286 286 286 286 286 286 286 286 286 286 286 286 286 286 286 286 286 286 286 286 286 286 286 286 286 286 286 286 286 286 286 286 286 286 286 286 286 286 286 286 286 286 286 286 286 286 286 286 286 286 286 286 286 286 286 286 286 286 286 286 286 286 286 286 286 286 286 286 286 
286 286 286 286 286 286 286 286 286 286 286.256 286.256 286.256 286.256 286.256 286.256 286.256 286.256 286.256 286.256 286.256 286 286 286 286 286 286 286 286 286 286 286 286 286 286 286 286 286 286 286 286 286 286 286 286 286 286 286 286 286 286.192 286.192 286.192 286.192 286.192 286.192 286.192 286.192 286.192 286.192 286.192 286 286 286 286 286 286 286 286 286 286 286 286 286 286 286 286 286 286 286 286 286 286 286 286 286 286 286 286 286 286 286 286 286 286 286 286 286 286 286 286 
286 286 286 286 286 286 286 286 286 286 286.512 286.512 286.512 286.512 286.512 286.512 286.512 286.512 286.512 286.512 286.512 286 286 286 286 286 286 286 286 286 286 286 286 286 286 286 286 286 286 286 286 286 286 286 286 286 286 286 286 286 286.384 286.384 286.384 286.384 286.384 286.384 286.384 286.384 286.384 286.384 286.384 286 286 286 286 286 286 286 286 286 286 286 286 286 286 286 286 286 286 286 286 286 286 286 286 286 286 286 286 286 286 286 286 286 286 286 286 286 286 286 286 
286 286 286 286 286 286 286 286 286 286 286.767 286.767 286.767 286.767 286.767 286.767 286.767 286.767 286.767 286.767 286.767 286 286 286 286 286 286 286 286 286 286 286 286 286 286 286 286 286 286 286 286 286 286 286 286 286 286 286 286 286 286.575 286.576 286.576 286.576 286.576 286.576 286.576 286.576 286.576 286.576 286.575 286 286 286 286 286 286 286 286 286 286 286 286 286 286 286 286 286 286 286 286 286 286 286 286 286 286 286 286 286 286 286 286 286 286 286 286 286 286 286 286 
286 286 286 286 286 286 286 286 286 286 287.023 287.023 287.023 287.023 287.023 287.023 287.023 287.023 287.023 287.023 287.023 286 286 286 286 286 286 286 286 286 286 286 286 286 286 286 286 286 286 286 286 286 286 286 286 286 286 286 286 286 286.767 286.767 286.767 286.767 286.767 286.767 286.767 286.767 286.767 286.767 286.767 286 286 286 286 286 286 286 286 286 286 286 286 286 286 286 286 286 286 286 286 286 286 286 286 286 286 286 286 286 286 286 286 286 286 286 286 286 286 286 286 
286 286 286 286 286 286 286 286 286 286 287.279 287.279 287.279 287.279 287.279 287.279 287.279 287.279 287.279 287.279 287.279 286 286 286 286 286 286 286 286 286 286 286 286 286 286 286 286 286 286 286 286 286 286 286 286 286 286 286 286 286 286.959 286.959 286.959 286.959 286.959 286.959 286.959 286.959 286.959 286.959 286.959 286 286 286 286 286 286 286 286 286 286 286 286 286 286 286 286 286 286 286 286 286 286 286 286 286 286 286 286 286 286 286 286 286 286 286 286 286 286 286 286 
286 286 286 286 286 286 286 286 286 286.001 287.534 287.535 287.535 287.535 287.535 287.535 287.535 287.535 287.535 287.535 287.534 286.001 286 286 286 286 286 286 286 286 286 286 286 286 286 286 286 286 286 286 286 286 286 286 286 286 286 286 286 286.001 287.151 287.151 287.151 287.151 287.151 287.151 287.151 287.151 287.151 287.151 287.151 286.001 286 286 286 286 286 286 286 286 286 286 286 286 286 286 286 286 286 286 286 286 286 286 286 286 286 286 286 286 286 286 286 286 286 286 286 286 286 286 286 
286 286 286 286 286 286 286 286 286 286.001 287.79 287.791 287.791 287.791 287.791 287.791 287.791 287.791 287.791 287.791 287.79 286.001 286 286 286 286 286 286 286 286 286 286 286 286 286 286 286 286 286 286 286 286 286 286 286 286 286 286 286 286.001 287.342 287.343 287.343 287.343 287.343 287.343 287.343 287.343 287.343 287.343 287.342 286.001 286 286 286 286 286 286 286 286 286 286 286 286 286 286 286 286 286 286 286 286 286 286 286 286 286 286 286 286 286 286 286 286 286 286 286 286 286 286 286 
286 286 286 286 286 286 286 286 286 286.001 288.045 288.047 288.047 288.047 288.047 288.047 288.047 288.047 288.047 288.047 288.045 286.001 286 286 286 286 286 286 286 286 286 286 286 286 286 286 286 286 286 286 286 286 286 286 286 286 286 286 286 286.001 287.534 287.535 287.535 287.535 287.535 287.535 287.535 287.535 287.535 287.535 287.534 286.001 286 286 286 286 286 286 286 286 286 286 286 286 286 286 286 286 286 286 286 286 286 286 286 286 286 286 286 286 286 286 286 286 286 286 286 286 286 286 286 
286 286 286 286 286 286 286 286 286 286.001 288.301 288.302 288.302 288.302 288.302 288.302 288.302 288.302 288.302 288.302 288.301 286.001 286 286 286 286 286 286 286 286 286 286 286 286 286 286 286 286 286 286 286 286 286 286 286 286 286 286 286 286.001 287.726 287.727 287.727 287.727 287.727 287.727 287.727 287.727 287.727 287.727 287.726 286.001 286 286 286 286 286 286 286 286 286 286 286 286 286 286 286 286 286 286 286 286 286 286 286 286 286 286 286 286 286 286 286 286 286 286 286 286 286 286 286 
286 286 286 286 286 286 286 286 286 286.002 288.556 288.558 288.558 288.558 288.558 288.558 288.558 288.558 288.558 288.558 288.556 286.002 286 286 286 286 286 286 286 286 286 286 286 286 286 286 286 286 286 286 286 286 286 286 286 286 286 286 286 286.001 287.917 287.919 287.919 287.919 287.919 287.919 287.919 287.919 287.919 287.919 287.917 286.001 286 286 286 286 286 286 286 286 286 286 286 286 286 286 286 286 286 286 286 286 286 286 286 286 286 286 286 286 286 286 286 286 286 286 286 286 286 286 286 
286 286 286 286 286 286 286 286 286 286.002 288.812 288.814 288.814 288.814 288.814 288.814 288.814 288.814 288.814 288.814 288.812 286.002 286 286 286 286 286 286 286 286 286 286 286 286 286 286 286 286 286 286 286 286 286 286 286 286 286 286 286 286.002 288.109 288.111 288.111 288.111 288.111 288.111 288.111 288.111 288.111 288.111 288.109 286.002 286 286 286 286 286 286 286 286 286 286 286 286 286 286 286 286 286 286 286 286 286 286 286 286 286 286 286 286 286 286 286 286 286 286 286 286 286 286 286 
286 286 286 286 286 286 286 286 286 286.003 289.067 289.07 289.07 289.07 289.07 289.07 289.07 289.07 289.07 289.07 289.067 286.003 286 286 286 286 286 286 286 286 286 286 286 286 286 286 286 286 286 286 286 286 286 286 286 286 286 286 286 286.002 288.301 288.302 288.302 288.302 288.302 288.302 288.302 288.302 288.302 288.302 288.301 286.002 286 286 286 286 286 286 286 286 286 286 286 286 286 286 286 286 286 286 286 286 286 286 286 286 286 286 286 286 286 286 286 286 286 286 286 286 286 286 286 
286 286 286 286 286 286 286 286 286 286.003 289.323 289.326 289.326 289.326 289.326 289.326 289.326 289.326 289.326 289.326 289.323 286.003 286 286 286 286 286 286 286 286 286 286 286 286 286 286 286 286 286 286 286 286 286 286 286 286 286 286 286 286.002 288.492 288.494 288.494 288.494 288.494 288.494 288.494 288.494 288.494 288.494 288.492 286.002 286 286 286 286 286 286 286 286 286 286 286 286 286 286 286 286 286 286 286 286 286 286 286 286 286 286 286 286 286 286 286 286 286 286 286 286 286 286 286 
286 286 286 286 286 286 286 286 286 286.003 289.578 289.582 289.582 289.582 289.582 289.582 289.582 289.582 289.582 289.582 289.578 286.003 286 286 286 286 286 286 286 286 286 286 286 286 286 286 286 286 286 286 286 286 286 286 286 286 286 286 286 286.003 288.684 288.686 288.686 288.686 288.686 288.686 288.686 288.686 288.686 288.686 288.684 286.003 286 286 286 286 286 286 286 286 286 286 286 286 286 286 286 286 286 286 286 286 286 286 286 286 286 286 286 286 286 286 286 286 286 286 286 286 286 286 286 
286 286 286 286 286 286 286 286 286 286.004 289.833 289.837 289.837 289.837 289.837 289.837 289.837 289.837 289.837 289.837 289.833 286.004 286 286 286 286 286 286 286 286 286 286 286 286 286 286 286 286 286 286 286 286 286 286 286 286 286 286 286 286.003 288.875 288.878 288.878 288.878 288.878 288.878 288.878 288.878 288.878 288.878 288.875 286.003 286 286 286 286 286 286 286 286 286 286 286 286 286 286 286 286 286 286 286 286 286 286 286 286 286 286 286 286 286 286 286 286 286 286 286 286 286 286 286 
286 286 286 286 286 286 286 286 286 286.004 290.089 290.093 290.093 290.093 290.093 290.093 290.093 290.093 290.093 290.093 290.089 286.004 286 286 286 286 286 286 286 286 286 286 286 286 286 286 286 286 286 286 286 286 286 286 286 286 286 286 286 286.003 289.067 289.07 289.07 289.07 289.07 289.07 289.07 289.07 289.07 289.07 289.067 286.003 286 286 286 286 286 286 286 286 286 286 286 286 286 286 286 286 286 286 286 286 286 286 286 286 286 286 286 286 286 286 286 286 286 286 286 286 286 286 286 
286 286 286 286 286 286 286 286 286 286.005 290.344 290.349 290.349 290.349 290.349 290.349 290.349 290.349 290.349 290.349 290.344 286.005 286 286 286 286 286 286 286 286 286 286 286 286 286 286 286 286 286 286 286 286 286 286 286 286 286 286 286 286.004 289.258 289.262 289.262 289.262 289.262 289.262 289.262 289.262 289.262 289.262 289.258 286.004 286 286 286 286 286 286 286 286 286 286 286 286 286 286 286 286 286 286 286 286 286 286 286 286 286 286 286 286 286 286 286 286 286 286 286 286 286 286 286 
286 286 286 286 286 286 286 286 286 286.006 290.599 290.605 290.605 290.605 290.605 290.605 290.605 290.605 290.605 290.605 290.599 286.006 286 286 286 286 286 286 286 286 286 286 286 286 286 286 286 286 286 286 286 286 286 286 286 286 286 286 286 286.004 289.449 289.454 289.454 289.454 289.454 289.454 289.454 289.454 289.454 289.454 289.449 286.004 286 286 286 286 286 286 286 286 286 286 286 286 286 286 286 286 286 286 286 286 286 286 286 286 286 286 286 286 286 286 286 286 286 286 286 286 286 286 286 
286 286 286 286 286 286 286 286 286 286.006 290.854 290.861 290.861 290.861 290.861 290.861 290.861 290.861 290.861 290.861 290.854 286.006 286 286 286 286 286 286 286 286 286 286 286 286 286 286 286 286 286 286 286 286 286 286 286 286 286 286 286 286.005 289.641 289.646 289.646 289.646 289.646 289.646 289.646 289.646 289.646 289.646 289.641 286.005 286 286 286 286 286 286 286 286 286 286 286 286 286 286 286 286 286 286 286 286 286 286 286 286 286 286 286 286 286 286 286 286 286 286 286 286 286 286 286 
286 286 286 286 286 286 286 286 286 286.007 291.11 291.117 291.117 291.117 291.117 291.117 291.117 291.117 291.117 291.117 291.11 286.007 286 286 286 286 286 286 286 286 286 286 286 286 286 286 286 286 286 286 286 286 286 286 286 286 286 286 286 286.005 289.832 289.837 289.837 289.837 289.837 289.837 289.837 289.837 289.837 289.837 289.832 286.005 286 286 286 286 286 286 286 286 286 286 286 286 286 286 286 286 286 286 286 286 286 286 286 286 286 286 286 286 286 286 286 286 286 286 286 286 286 286 286 
286 286 286 286 286 286 286 286 286 286.008 291.365 291.372 291.372 291.372 291.372 291.372 291.372 291.372 291.372 291.372 291.365 286.008 286 286 286 286 286 286 286 286 286 286 286 286 286 286 286 286 286 286 286 286 286 286 286 286 286 286 286 286.006 290.024 290.029 290.029 290.029 290.029 290.029 290.029 290.029 290.029 290.029 290.024 286.006 286 286 286 286 286 286 286 286 286 286 286 286 286 286 286 286 286 286 286 286 286 286 286 286 286 286 286 286 286 286 286 286 286 286 286 286 286 286 286 
286 286 286 286 286 286 286 286 286 286.008 291.62 291.628 291.628 291.628 291.628 291.628 291.628 291.628 291.628 291.628 291.62 286.008 286 286 286 286 286 286 286 286 286 286 286 286 286 286 286 286 286 286 286 286 286 286 286 286 286 286 286 286.006 290.215 290.221 290.221 290.221 290.221 290.221 290.221 290.221 290.221 290.221 290.215 286.006 286 286 286 286 286 286 286 286 286 286 286 286 286 286 286 286 286 286 286 286 286 286 286 286 286 286 286 286 286 286 286 286 286 286 286 286 286 286 286 
286 286 286 286 286 286 286 286 286 286.009 291.875 291.884 291.884 291.884 291.884 291.884 291.884 291.884 291.884 291.884 291.875 286.009 286 286 286 286 286 286 286 286 286 286 286 286 286 286 286 286 286 286 286 286 286 286 286 286 286 286 286 286.007 290.406 290.413 290.413 290.413 290.413 290.413 290.413 290.413 290.413 290.413 290.406 286.007 286 286 286 286 286 286 286 286 286 286 286 286 286 286 286 286 286 286 286 286 286 286 286 286 286 286 286 286 286 286 286 286 286 286 286 286 286 286 286 
286 286 286 286 286 286 286 286 286 286.01 292.13 292.14 292.14 292.14 292.14 292.14 292.14 292.14 292.14 292.14 292.13 286.01 286 286 286 286 286 286 286 286 286 286 286 286 286 286 286 286 286 286 286 286 286 286 286 286 286 286 286 286.007 290.598 290.605 290.605 290.605 290.605 290.605 290.605 290.605 290.605 290.605 290.598 286.007 286 286 286 286 286 286 286 286 286 286 286 286 286 286 286 286 286 286 286 286 286 286 286 286 286 286 286 286 286 286 286 286 286 286 286 286 286 286 286 
286 286 286 286 286 286 286 286 286 286.011 292.385 292.396 292.396 292.396 292.396 292.396 292.396 292.396 292.396 292.396 292.385 286.011 286 286 286 286 286 286 286 286 286 286 286 286 286 286 286 286 286 286 286 286 286 286 286 286 286 286 286 286.008 290.789 290.797 290.797 290.797 290.797 290.797 290.797 290.797 290.797 290.797 290.789 286.008 286 286 286 286 286 286 286 286 286 286 286 286 286 286 286 286 286 286 286 286 286 286 286 286 286 286 286 286 286 286 286 286 286 286 286 286 286 286 286 
286 286 286 286 286 286 286 286 286 286.011 292.64 292.651 292.651 292.651 292.651 292.651 292.651 292.651 292.651 292.651 292.64 286.011 286 286 286 286 286 286 286 286 286 286 286 286 286 286 286 286 286 286 286 286 286 286 286 286 286 286 286 286.009 290.98 290.989 290.989 290.989 290.989 290.989 290.989 290.989 290.989 290.989 290.98 286.009 286 286 286 286 286 286 286 286 286 286 286 286 286 286 286 286 286 286 286 286 286 286 286 286 286 286 286 286 286 286 286 286 286 286 286 286 286 286 286 
286 286 286 286 286 286 286 286 286 286.012 292.895 292.907 292.907 292.907 292.907 292.907 292.907 292.907 292.907 292.907 292.895 286.012 286 286 286 286 286 286 286 286 286 286 286 286 286 286 286 286 286 286 286 286 286 286 286 286 286 286 286 286.009 291.171 291.18 291.18 291.18 291.18 291.18 291.18 291.18 291.18 291.18 291.171 286.009 286 286 286 286 286 286 286 286 286 286 286 286 286 286 286 286 286 286 286 286 286 286 286 286 286 286 286 286 286 286 286 286 286 286 286 286 286 286 286 
286 286 286 286 286 286 286 286 286 286.013 293.15 293.163 293.163 293.163 293.163 293.163 293.163 293.163 293.163 293.163 293.15 286.013 286 286 286 286 286 286 286 286 286 286 286 286 286 286 286 286 286 286 286 286 286 286 286 286 286 286 286 286.01 291.362 291.372 291.372 291.372 291.372 291.372 291.372 291.372 291.372 291.372 291.362 286.01 286 286 286 286 286 286 286 286 286 286 286 286 286 286 286 286 286 286 286 286 286 286 286 286 286 286 286 286 286 286 286 286 286 286 286 286 286 286 286 
286 286 286 286 286 286 286 286 286 286.014 293.405 293.419 293.419 293.419 293.419 293.419 293.419 293.419 293.419 293.419 293.405 286.014 286 286 286 286 286 286 286 286 286 286 286 286 286 286 286 286 286 286 286 286 286 286 286 286 286 286 286 286.011 291.554 291.564 291.564 291.564 291.564 291.564 291.564 291.564 291.564 291.564 291.554 286.011 286 286 286 286 286 286 286 286 286 286 286 286 286 286 286 286 286 286 286 286 286 286 286 286 286 286 286 286 286 286 286 286 286 286 286 286 286 286 286 
286 286 286 286 286 286 286 286 286 286.015 293.66 293.675 293.675 293.675 293.675 293.675 293.675 293.675 293.675 293.675 293.66 286.015 286 286 286 286 286 286 286 286 286 286 286 286 286 286 286 286 286 286 286 286 286 286 286 286 286 286 286 286.011 291.745 291.756 291.756 291.756 291.756 291.756 291.756 291.756 291.756 291.756 291.745 286.011 286 286 286 286 286 286 286 286 286 286 286 286 286 286 286 286 286 286 286 286 286 286 286 286 286 286 286 286 286 286 286 286 286 286 286 286 286 286 286 
286 286 286 286 286 286 286 286 286 286.016 293.914 293.931 293.931 293.931 293.931 293.931 293.931 293.931 293.931 293.931 293.914 286.016 286 286 286 286 286 286 286 286 286 286 286 286 286 286 286 286 286 286 286 286 286 286 286 286 286 286 286 286.012 291.936 291.948 291.948 291.948 291.948 291.948 291.948 291.948 291.948 291.948 291.936 286.012 286 286 286 286 286 286 286 286 286 286 286 286 286 286 286 286 286 286 286 286 286 286 286 286 286 286 286 286 286 286 286 286 286 286 286 286 286 286 286 
286 286 286 286 286 286 286 286 286 286.017 294.169 294.186 294.186 294.186 294.186 294.186 294.186 294.186 294.186 294.186 294.169 286.017 286 286 286 286 286 286 286 286 286 286 286 286 286 286 286 286 286 286 286 286 286 286 286 286 286 286 286 286.013 292.127 292.14 292.14 292.14 292.14 292.14 292.14 292.14 292.14 292.14 292.127 286.013 286 286 286 286 286 286 286 286 286 286 286 286 286 286 286 286 286 286 286 286 286 286 286 286 286 286 286 286 286 286 286 286 286 286 286 286 286 286 286 
286 286 286 286 286 286 286 286 286 286.018 294.424 294.442 294.442 294.442 294.442 294.442 294.442 294.442 294.442 294.442 294.424 286.018 286 286 286 286 286 286 286 286 286 286 286 286 286 286 286 286 286 286 286 286 286 286 286 286 286 286 286 286.014 292.318 292.332 292.332 292.332 292.332 292.332 292.332 292.332 292.332 292.332 292.318 286.014 286 286 286 286 286 286 286 286 286 286 286 286 286 286 286 286 286 286 286 286 286 286 286 286 286 286 286 286 286 286 286 286 286 286 286 286 286 286 286 
286 286 286 286 286 286 286 286 286 286.019 294.679 294.698 294.698 294.698 294.698 294.698 294.698 294.698 294.698 294.698 294.679 286.019 286 286 286 286 286 286 286 286 286 286 286 286 286 286 286 286 286 286 286 286 286 286 286 286 286 286 286 286.015 292.509 292.524 292.524 292.524 292.524 292.524 292.524 292.524 292.524 292.524 292.509 286.015 286 286 286 286 286 286 286 286 286 286 286 286 286 286 286 286 286 286 286 286 286 286 286 286 286 286 286 286 286 286 286 286 286 286 286 286 286 286 286 
286 286 286 286 286 286 286 286 286 286.021 294.933 294.954 294.954 294.954 294.954 294.954 294.954 294.954 294.954 294.954 294.933 286.021 286 286 286 286 286 286 286 286 286 286 286 286 286 286 286 286 286 286 286 286 286 286 286 286 286 286 286 286.015 292.7 292.715 292.715 292.715 292.715 292.715 292.715 292.715 292.715 292.715 292.7 286.015 286 286 286 286 286 286 286 286 286 286 286 286 286 286 286 286 286 286 286 286 286 286 286 286 286 286 286 286 286 286 286 286 286 286 286 286 286 286 286 
286 286 286 286 286 286 286 286 286 286.022 295.188 295.21 295.21 295.21 295.21 295.21 295.21 295.21 295.21 295.21 295.188 286.022 286 286 286 286 286 286 286 286 286 286 286 286 286 286 286 286 286 286 286 286 286 286 286 286 286 286 286 286.016 292.891 292.907 292.907 292.907 292.907 292.907 292.907 292.907 292.907 292.907 292.891 286.016 286 286 286 286 286 286 286 286 286 286 286 286 286 286 286 286 286 286 286 286 286 286 286 286 286 286 286 286 286 286 286 286 286 286 286 286 286 286 286 
286 286 286 286 286 286 286 286 286 286.023 295.443 295.466 295.466 295.466 295.466 295.466 295.466 295.466 295.466 295.466 295.443 286.023 286 286 286 286 286 286 286 286 286 286 286 286 286 286 286 286 286 286 286 286 286 286 286 286 286 286 286 286.017 293.082 293.099 293.099 293.099 293.099 293.099 293.099 293.099 293.099 293.099 293.082 286.017 286 286 286 286 286 286 286 286 286 286 286 286 286 286 286 286 286 286 286 286 286 286 286 286 286 286 286 286 286 286 286 286 286 286 286 286 286 286 286 
286 286 286 286 286 286 286 286 286 286.024 295.697 295.721 295.721 295.721 295.721 295.721 295.721 295.721 295.721 295.721 295.697 286.024 286 286 286 286 286 286 286 286 286 286 286 286 286 286 286 286 286 286 286 286 286 286 286 286 286 286 286 286.018 293.273 293.291 293.291 293.291 293.291 293.291 293.291 293.291 293.291 293.291 293.273 286.018 286 286 286 286 286 286 286 286 286 286 286 286 286 286 286 286 286 286 286 286 286 286 286 286 286 286 286 286 286 286 286 286 286 286 286 286 286 286 286 
286 286 286 286 286 286 286 286 286 286.025 295.952 295.977 295.977 295.977 295.977 295.977 295.977 295.977 295.977 295.977 295.952 286.025 286 286 286 286 286 286 286 286 286 286 286 286 286 286 286 286 286 286 286 286 286 286 286 286 286 286 286 286.019 293.464 293.483 293.483 293.483 293.483 293.483 293.483 293.483 293.483 293.483 293.464 286.019 286 286 286 286 286 286 286 286 286 286 286 286 286 286 286 286 286 286 286 286 286 286 286 286 286 286 286 286 286 286 286 286 286 286 286 286 286 286 286 
286 286 286 286 286 286 286 286 286 286.027 296.206 296.233 296.233 296.233 296.233 296.233 296.233 296.233 296.233 296.233 296.206 286.027 286 286 286 286 286 286 286 286 286 286 286 286 286 286 286 286 286 286 286 286 286 286 286 286 286 286 286 286.02 293.655 293.675 293.675 293.675 293.675 293.675 293.675 293.675 293.675 293.675 293.655 286.02 286 286 286 286 286 286 286 286 286 286 286 286 286 286 286 286 286 286 286 286 286 286 286 286 286 286 286 286 286 286 286 286 286 286 286 286 286 286 286 
286 286 286 286 286 286 286 286 286 286.028 296.461 296.489 296.489 296.489 296.489 296.489 296.489 296.489 296.489 296.489 296.461 286.028 286 286 286 286 286 286 286 286 286 286 286 286 286 286 286 286 286 286 286 286 286 286 286 286 286 286 286 286.021 293.846 293.867 293.867 293.867 293.867 293.867 293.867 293.867 293.867 293.867 293.846 286.021 286 286 286 286 286 286 286 286 286 286 286 286 286 286 286 286 286 286 286 286 286 286 286 286 286 286 286 286 286 286 286 286 286 286 286 286 286 286 286 
286 286 286 286 286 286 286 286 286 286.029 296.715 296.745 296.745 296.745 296.745 296.745 296.745 296.745 296.745 296.745 296.715 286.029 286 286 286 286 286 286 286 286 286 286 286 286 286 286 286 286 286 286 286 286 286 286 286 286 286 286 286 286.022 294.036 294.058 294.059 294.059 294.059 294.059 294.059 294.059 294.059 294.058 294.036 286.022 286 286 286 286 286 286 286 286 286 286 286 286 286 286 286 286 286 286 286 286 286 286 286 286 286 286 286 286 286 286 286 286 286 286 286 286 286 286 286 
286 286 286 286 286 286 286 286 286 286.031 296.97 297 297 297 297 297 297 297 297 297 296.97 286.031 286 286 286 286 286 286 286 286 286 286 286 286 286 286 286 286 286 286 286 286 286 286 286 286 286 286 286 286.023 294.227 294.25 294.25 294.25 294.25 294.25 294.25 294.25 294.25 294.25 294.227 286.023 286 286 286 286 286 286 286 286 286 286 286 286 286 286 286 286 286 286 286 286 286 286 286 286 286 286 286 286 286 286 286 286 286 286 286 286 286 286 286 
286 286 286 286 286 286 286 286 286 286.032 297.224 297.256 297.256 297.256 297.256 297.256 297.256 297.256 297.256 297.256 297.224 286.032 286 286 286 286 286 286 286 286 286 286 286 286 286 286 286 286 286 286 286 286 286 286 286 286 286 286 286 286.024 294.418 294.442 294.442 294.442 294.442 294.442 294.442 294.442 294.442 294.442 294.418 286.024 286 286 286 286 286 286 286 286 286 286 286 286 286 286 286 286 286 286 286 286 286 286 286 286 286 286 286 286 286 286 286 286 286 286 286 286 286 286 286 
286 286 286 286 286 286 286 286 286 286.034 297.478 297.512 297.512 297.512 297.512 297.512 297.512 297.512 297.512 297.512 297.478 286.034 286 286 286 286 286 286 286 286 286 286 286 286 286 286 286 286 286 286 286 286 286 286 286 286 286 286 286 286.025 294.609 294.634 294.634 294.634 294.634 294.634 294.634 294.634 294.634 294.634 294.609 286.025 286 286 286 286 286 286 286 286 286 286 286 286 286 286 286 286 286 286 286 286 286 286 286 286 286 286 286 286 286 286 286 286 286 286 286 286 286 286 286 
286 286 286 286 286 286 286 286 286 286.035 297.733 297.768 297.768 297.768 297.768 297.768 297.768 297.768 297.768 297.768 297.733 286.035 286 286 286 286 286 286 286 286 286 286 286 286 286 286 286 286 286 286 286 286 286 286 286 286 286 286 286 286.026 294.8 294.826 294.826 294.826 294.826 294.826 294.826 294.826 294.826 294.826 294.8 286.026 286 286 286 286 286 286 286 286 286 286 286 286 286 286 286 286 286 286 286 286 286 286 286 286 286 286 286 286 286 286 286 286 286 286 286 286 286 286 286 
286 286 286 286 286 286 286 286 286 286.037 297.987 298.024 298.024 298.024 298.024 298.024 298.024 298.024 298.024 298.024 297.987 286.037 286 286 286 286 286 286 286 286 286 286 286 286 286 286 286 286 286 286 286 286 286 286 286 286 286 286 286 286.028 294.99 295.018 295.018 295.018 295.018 295.018 295.018 295.018 295.018 295.018 294.99 286.028 286 286 286 286 286 286 286 286 286 286 286 286 286 286 286 286 286 286 286 286 286 286 286 286 286 286 286 286 286 286 286 286 286 286 286 286 286 286 286 
286 286 286 286 286 286 286 286 286 286.038 298.241 298.28 298.28 298.28 298.28 298.28 298.28 298.28 298.28 298.28 298.241 286.038 286 286 286 286 286 286 286 286 286 286 286 286 286 286 286 286 286 286 286 286 286 286 286 286 286 286 286 286.029 295.181 295.21 295.21 295.21 295.21 295.21 295.21 295.21 295.21 295.21 295.181 286.029 286 286 286 286 286 286 286 286 286 286 286 286 286 286 286 286 286 286 286 286 286 286 286 286 286 286 286 286 286 286 286 286 286 286 286 286 286 286 286 
286 286 286 286 286 286 286 286 286 286.04 298.496 298.535 298.535 298.535 298.535 298.535 298.535 298.535 298.535 298.535 298.496 286.04 286 286 286 286 286 286 286 286 286 286 286 286 286 286 286 286 286 286 286 286 286 286 286 286 286 286 286 286.03 295.372 295.402 295.402 295.402 295.402 295.402 295.402 295.402 295.402 295.402 295.372 286.03 286 286 286 286 286 286 286 286 286 286 286 286 286 286 286 286 286 286 286 286 286 286 286 286 286 286 286 286 286 286 286 286 286 286 286 286 286 286 286 
286 286 286 286 286 286 286 286 286 286.042 298.75 298.791 298.791 298.791 298.791 298.791 298.791 298.791 298.791 298.791 298.75 286.042 286 286 286 286 286 286 286 286 286 286 286 286 286 286 286 286 286 286 286 286 286 286 286 286 286 286 286 286.031 295.562 295.593 295.593 295.593 295.593 295.593 295.593 295.593 295.593 295.593 295.562 286.031 286 286 286 286 286 286 286 286 286 286 286 286 286 286 286 286 286 286 286 286 286 286 286 286 286 286 286 286 286 286 286 286 286 286 286 286 286 286 286 
286 286 286 286 286 286 286 286 286 286.043 299.004 299.047 299.047 299.047 299.047 299.047 299.047 299.047 299.047 299.047 299.004 286.043 286 286 286 286 286 286 286 286 286 286 286 286 286 286 286 286 286 286 286 286 286 286 286 286 286 286 286 286.032 295.753 295.785 295.785 295.785 295.785 295.785 295.785 295.785 295.785 295.785 295.753 286.032 286 286 286 286 286 286 286 286 286 286 286 286 286 286 286 286 286 286 286 286 286 286 286 286 286 286 286 286 286 286 286 286 286 286 286 286 286 286 286 
286 286 286 286 286 286 286 286 286 286.045 299.258 299.303 299.303 299.303 299.303 299.303 299.303 299.303 299.303 299.303 299.258 286.045 286 286 286 286 286 286 286 286 286 286 286 286 286 286 286 286 286 286 286 286 286 286 286 286 286 286 286 286.034 295.944 295.977 295.977 295.977 295.977 295.977 295.977 295.977 295.977 295.977 295.944 286.034 286 286 286 286 286 286 286 286 286 286 286 286 286 286 286 286 286 286 286 286 286 286 286 286 286 286 286 286 286 286 286 286 286 286 286 286 286 286 286 
286 286 286 286 286 286 286 286 286 286.047 299.512 299.559 299.559 299.559 299.559 299.559 299.559 299.559 299.559 299.559 299.512 286.047 286 286 286 286 286 286 286 286 286 286 286 286 286 286 286 286 286 286 286 286 286 286 286 286 286 286 286 286.035 296.134 296.169 296.169 296.169 296.169 296.169 296.169 296.169 296.169 296.169 296.134 286.035 286 286 286 286 286 286 286 286 286 286 286 286 286 286 286 286 286 286 286 286 286 286 286 286 286 286 286 286 286 286 286 286 286 286 286 286 286 286 286 
286 286 286 286 286 286 286 286 286 286.048 299.766 299.814 299.815 299.815 299.815 299.815 299.815 299.815 299.815 299.814 299.766 286.048 286 286 286 286 286 286 286 286 286 286 286 286 286 286 286 286 286 286 286 286 286 286 286 286 286 286 286 286.036 296.325 296.361 296.361 296.361 296.361 296.361 296.361 296.361 296.361 296.361 296.325 286.036 286 286 286 286 286 286 286 286 286 286 286 286 286 286 286 286 286 286 286 286 286 286 286 286 286 286 286 286 286 286 286 286 286 286 286 286 286 286 286 
286 286 286 286 286 286 286 286 286 286.05 300.02 300.07 300.07 300.07 300.07 300.07 300.07 300.07 300.07 300.07 300.02 286.05 286 286 286 286 286 286 286 286 286 286 286 286 286 286 286 286 286 286 286 286 286 286 286 286 286 286 286 286.038 296.515 296.553 296.553 296.553 296.553 296.553 296.553 296.553 296.553 296.553 296.515 286.038 286 286 286 286 286 286 286 286 286 286 286 286 286 286 286 286 286 286 286 286 286 286 286 286 286 286 286 286 286 286 286 286 286 286 286 286 286 286 286 
286 286 286 286 286 286 286 286 286 286.052 300.274 300.326 300.326 300.326 300.326 300.326 300.326 300.326 300.326 300.326 300.274 286.052 286 286 286 286 286 286 286 286 286 286 286 286 286 286 286 286 286 286 286 286 286 286 286 286 286 286 286 286.039 296.706 296.745 296.745 296.745 296.745 296.745 296.745 296.745 296.745 296.745 296.706 286.039 286 286 286 286 286 286 286 286 286 286 286 286 286 286 286 286 286 286 286 286 286 286 286 286 286 286 286 286 286 286 286 286 286 286 286 286 286 286 286 
286 286 286 286 286 286 286 286 286 286.054 300.528 300.582 300.582 300.582 300.582 300.582 300.582 300.582 300.582 300.582 300.528 286.054 286 286 286 286 286 286 286 286 286 286 286 286 286 286 286 286 286 286 286 286 286 286 286 286 286 286 286 286.04 296.896 296.936 296.937 296.937 296.937 296.937 296.937 296.937 296.937 296.936 296.896 286.04 286 286 286 286 286 286 286 286 286 286 286 286 286 286 286 286 286 286 286 286 286 286 286 286 286 286 286 286 286 286 286 286 286 286 286 286 286 286 286 
286 286 286 286 286 286 286 286 286 286.056 300.782 300.838 300.838 300.838 300.838 300.838 300.838 300.838 300.838 300.838 300.782 286.056 286 286 286 286 286 286 286 286 286 286 286 286 286 286 286 286 286 286 286 286 286 286 286 286 286 286 286 286.042 297.087 297.128 297.128 297.128 297.128 297.128 297.128 297.128 297.128 297.128 297.087 286.042 286 286 286 286 286 286 286 286 286 286 286 286 286 286 286 286 286 286 286 286 286 286 286 286 286 286 286 286 286 286 286 286 286 286 286 286 286 286 286 
286 286 286 286 286 286 286 286 286 286.058 301.036 301.094 301.094 301.094 301.094 301.094 301.094 301.094 301.094 301.094 301.036 286.058 286 286 286 286 286 286 286 286 286 286 286 286 286 286 286 286 286 286 286 286 286 286 286 286 286 286 286 286.043 297.277 297.32 297.32 297.32 297.32 297.32 297.32 297.32 297.32 297.32 297.277 286.043 286 286 286 286 286 286 286 286 286 286 286 286 286 286 286 286 286 286 286 286 286 286 286 286 286 286 286 286 286 286 286 286 286 286 286 286 286 286 286 
286 286 286 286 286 286 286 286 286 286.06 301.29 301.349 301.35 301.35 301.35 301.35 301.35 301.35 301.35 301.349 301.29 286.06 286 286 286 286 286 286 286 286 286 286 286 286 286 286 286 286 286 286 286 286 286 286 286 286 286 286 286 286.045 297.467 297.512 297.512 297.512 297.512 297.512 297.512 297.512 297.512 297.512 297.467 286.045 286 286 286 286 286 286 286 286 286 286 286 286 286 286 286 286 286 286 286 286 286 286 286 286 286 286 286 286 286 286 286 286 286 286 286 286 286 286 286 
286 286 286 286 286 286 286 286 286 286.062 301.544 301.605 301.605 301.605 301.605 301.605 301.605 301.605 301.605 301.605 301.544 286.062 286 286 286 286 286 286 286 286 286 286 286 286 286 286 286 286 286 286 286 286 286 286 286 286 286 286 286 286.046 297.658 297.704 297.704 297.704 297.704 297.704 297.704 297.704 297.704 297.704 297.658 286.046 286 286 286 286 286 286 286 286 286 286 286 286 286 286 286 286 286 286 286 286 286 286 286 286 286 286 286 286 286 286 286 286 286 286 286 286 286 286 286 
286 286 286 286 286 286 286 286 286 286.064 301.798 301.861 301.861 301.861 301.861 301.861 301.861 301.861 301.861 301.861 301.798 286.064 286 286 286 286 286 286 286 286 286 286 286 286 286 286 286 286 286 286 286 286 286 286 286 286 286 286 286 286.048 297.848 297.896 297.896 297.896 297.896 297.896 297.896 297.896 297.896 297.896 297.848 286.048 286 286 286 286 286 286 286 286 286 286 286 286 286 286 286 286 286 286 286 286 286 286 286 286 286 286 286 286 286 286 286 286 286 286 286 286 286 286 286 
286 286 286 286 286 286 286 286 286 286.066 302.051 302.117 302.117 302.117 302.117 302.117 302.117 302.117 302.117 302.117 302.051 286.066 286 286 286 286 286 286 286 286 286 286 286 286 286 286 286 286 286 286 286 286 286 286 286 286 286 286 286 286.049 298.039 298.088 298.088 298.088 298.088 298.088 298.088 298.088 298.088 298.088 298.039 286.049 286 286 286 286 286 286 286 286 286 286 286 286 286 286 286 286 286 286 286 286 286 286 286 286 286 286 286 286 286 286 286 286 286 286 286 286 286 286 286 
286 286 286 286 286 286 286 286 286 286.068 302.305 302.373 302.373 302.373 302.373 302.373 302.373 302.373 302.373 302.373 302.305 286.068 286 286 286 286 286 286 286 286 286 286 286 286 286 286 286 286 286 286 286 286 286 286 286 286 286 286 286 286.051 298.229 298.279 298.28 298.28 298.28 298.28 298.28 298.28 298.28 298.279 298.229 286.051 286 286 286 286 286 286 286 286 286 286 286 286 286 286 286 286 286 286 286 286 286 286 286 286 286 286 286 286 286 286 286 286 286 286 286 286 286 286 286 
286 286 286 286 286 286 286 286 286 286.07 302.559 302.628 302.629 302.629 302.629 302.629 302.629 302.629 302.629 302.628 302.559 286.07 286 286 286 286 286 286 286 286 286 286 286 286 286 286 286 286 286 286 286 286 286 286 286 286 286 286 286 286.052 298.419 298.471 298.471 298.471 298.471 298.471 298.471 298.471 298.471 298.471 298.419 286.052 286 286 286 286 286 286 286 286 286 286 286 286 286 286 286 286 286 286 286 286 286 286 286 286 286 286 286 286 286 286 286 286 286 286 286 286 286 286 286 
286 286 286 286 286 286 286 286 286 286.072 302.813 302.884 302.884 302.884 302.884 302.884 302.884 302.884 302.884 302.884 302.813 286.072 286 286 286 286 286 286 286 286 286 286 286 286 286 286 286 286 286 286 286 286 286 286 286 286 286 286 286 286.054 298.609 298.663 298.663 298.663 298.663 298.663 298.663 298.663 298.663 298.663 298.609 286.054 286 286 286 286 286 286 286 286 286 286 286 286 286 286 286 286 286 286 286 286 286 286 286 286 286 286 286 286 286 286 286 286 286 286 286 286 286 286 286 
286 286 286 286 286 286 286 286 286 286.074 303.066 303.14 303.14 303.14 303.14 303.14 303.14 303.14 303.14 303.14 303.066 286.074 286 286 286 286 286 286 286 286 286 286 286 286 286 286 286 286 286 286 286 286 286 286 286 286 286 286 286 286.056 298.8 298.855 298.855 298.855 298.855 298.855 298.855 298.855 298.855 298.855 298.8 286.056 286 286 286 286 286 286 286 286 286 286 286 286 286 286 286 286 286 286 286 286 286 286 286 286 286 286 286 286 286 286 286 286 286 286 286 286 286 286 286 
286 286 286 286 286 286 286 286 286 286.076 303.32 303.396 303.396 303.396 303.396 303.396 303.396 303.396 303.396 303.396 303.32 286.076 286 286 286 286 286 286 286 286 286 286 286 286 286 286 286 286 286 286 286 286 286 286 286 286 286 286 286 286.057 298.99 299.047 299.047 299.047 299.047 299.047 299.047 299.047 299.047 299.047 298.99 286.057 286 286 286 286 286 286 286 286 286 286 286 286 286 286 286 286 286 286 286 286 286 286 286 286 286 286 286 286 286 286 286 286 286 286 286 286 286 286 286 
286 286 286 286 286 286 286 286 286 286.078 303.573 303.652 303.652 303.652 303.652 303.652 303.652 303.652 303.652 303.652 303.573 286.078 286 286 286 286 286 286 286 286 286 286 286 286 286 286 286 286 286 286 286 286 286 286 286 286 286 286 286 286.059 299.18 299.239 299.239 299.239 299.239 299.239 299.239 299.239 299.239 299.239 299.18 286.059 286 286 286 286 286 286 286 286 286 286 286 286 286 286 286 286 286 286 286 286 286 286 286 286 286 286 286 286 286 286 286 286 286 286 286 286 286 286 286 
286 286 286 286 286 286 286 286 286 286.081 303.827 303.908 303.908 303.908 303.908 303.908 303.908 303.908 303.908 303.908 303.827 286.081 286 286 286 286 286 286 286 286 286 286 286 286 286 286 286 286 286 286 286 286 286 286 286 286 286 286 286 286.061 299.37 299.431 299.431 299.431 299.431 299.431 299.431 299.431 299.431 299.431 299.37 286.061 286 286 286 286 286 286 286 286 286 286 286 286 286 286 286 286 286 286 286 286 286 286 286 286 286 286 286 286 286 286 286 286 286 286 286 286 286 286 286 
286 286 286 286 286 286 286 286 286 286.083 304.081 304.163 304.164 304.164 304.164 304.164 304.164 304.164 304.164 304.163 304.081 286.083 286 286 286 286 286 286 286 286 286 286 286 286 286 286 286 286 286 286 286 286 286 286 286 286 286 286 286 286.062 299.56 299.623 299.623 299.623 299.623 299.623 299.623 299.623 299.623 299.623 299.56 286.062 286 286 286 286 286 286 286 286 286 286 286 286 286 286 286 286 286 286 286 286 286 286 286 286 286 286 286 286 286 286 286 286 286 286 286 286 286 286 286 
286 286 286 286 286 286 286 286 286 286.085 304.334 304.419 304.419 304.419 304.419 304.419 304.419 304.419 304.419 304.419 304.334 286.085 286 286 286 286 286 286 286 286 286 286 286 286 286 286 286 286 286 286 286 286 286 286 286 286 286 286 286 286.064 299.751 299.814 299.815 299.815 299.815 299.815 299.815 299.815 299.815 299.814 299.751 286.064 286 286 286 286 286 286 286 286 286 286 286 286 286 286 286 286 286 286 286 286 286 286 286 286 286 286 286 286 286 286 286 286 286 286 286 286 286 286 286 
286 286 286 286 286 286 286 286 286 286.088 304.588 304.675 304.675 304.675 304.675 304.675 304.675 304.675 304.675 304.675 304.588 286.088 286 286 286 286 286 286 286 286 286 286 286 286 286 286 286 286 286 286 286 286 286 286 286 286 286 286 286 286.066 299.941 300.006 300.006 300.006 300.006 300.006 300.006 300.006 300.006 300.006 299.941 286.066 286 286 286 286 286 286 286 286 286 286 286 286 286 286 286 286 286 286 286 286 286 286 286 286 286 286 286 286 286 286 286 286 286 286 286 286 286 286 286 
286 286 286 286 286 286 286 286 286 286.09 304.841 304.931 304.931 304.931 304.931 304.931 304.931 304.931 304.931 304.931 304.841 286.09 286 286 286 286 286 286 286 286 286 286 286 286 286 286 286 286 286 286 286 286 286 286 286 286 286 286 286 286.068 300.131 300.198 300.198 300.198 300.198 300.198 300.198 300.198 300.198 300.198 300.131 286.068 286 286 286 286 286 286 286 286 286 286 286 286 286 286 286 286 286 286 286 286 286 286 286 286 286 286 286 286 286 286 286 286 286 286 286 286 286 286 286 
286 286 286 286 286 286 286 286 286 286.093 305.094 305.187 305.187 305.187 305.187 305.187 305.187 305.187 305.187 305.187 305.094 286.093 286 286 286 286 286 286 286 286 286 286 286 286 286 286 286 286 286 286 286 286 286 286 286 286 286 286 286 286.069 300.321 300.39 300.39 300.39 300.39 300.39 300.39 300.39 300.39 300.39 300.321 286.069 286 286 286 286 286 286 286 286 286 286 286 286 286 286 286 286 286 286 286 286 286 286 286 286 286 286 286 286 286 286 286 286 286 286 286 286 286 286 286 
286 286 286 286 286 286 286 286 286 286.095 305.348 305.442 305.443 305.443 305.443 305.443 305.443 305.443 305.443 305.442 305.348 286.095 286 286 286 286 286 286 286 286 286 286 286 286 286 286 286 286 286 286 286 286 286 286 286 286 286 286 286 286.071 300.511 300.582 300.582 300.582 300.582 300.582 300.582 300.582 300.582 300.582 300.511 286.071 286 286 286 286 286 286 286 286 286 286 286 286 286 286 286 286 286 286 286 286 286 286 286 286 286 286 286 286 286 286 286 286 286 286 286 286 286 286 286 
286 286 286 286 286 286 286 286 286 286.098 305.601 305.698 305.699 305.699 305.699 305.699 305.699 305.699 305.699 305.698 305.601 286.098 286 286 286 286 286 286 286 286 286 286 286 286 286 286 286 286 286 286 286 286 286 286 286 286 286 286 286 286.073 300.701 300.774 300.774 300.774 300.774 300.774 300.774 300.774 300.774 300.774 300.701 286.073 286 286 286 286 286 286 286 286 286 286 286 286 286 286 286 286 286 286 286 286 286 286 286 286 286 286 286 286 286 286 286 286 286 286 286 286 286 286 286 
286 286 286 286 286 286 286 286 286 286.1 305.854 305.954 305.954 305.954 305.954 305.954 305.954 305.954 305.954 305.954 305.854 286.1 286 286 286 286 286 286 286 286 286 286 286 286 286 286 286 286 286 286 286 286 286 286 286 286 286 286 286 286.075 300.891 300.966 300.966 300.966 300.966 300.966 300.966 300.966 300.966 300.966 300.891 286.075 286 286 286 286 286 286 286 286 286 286 286 286 286 286 286 286 286 286 286 286 286 286 286 286 286 286 286 286 286 286 286 286 286 286 286 286 286 286 286 
286 286 286 286 286 286 286 286 286 286.103 306.108 306.21 306.21 306.21 306.21 306.21 306.21 306.21 306.21 306.21 306.108 286.103 286 286 286 286 286 286 286 286 286 286 286 286 286 286 286 286 286 286 286 286 286 286 286 286 286 286 286 286.077 301.081 301.157 301.158 301.158 301.158 301.158 301.158 301.158 301.158 301.157 301.081 286.077 286 286 286 286 286 286 286 286 286 286 286 286 286 286 286 286 286 286 286 286 286 286 286 286 286 286 286 286 286 286 286 286 286 286 286 286 286 286 286 
286 286 286 286 286 286 286 286 286 286.105 306.361 306.466 306.466 306.466 306.466 306.466 306.466 306.466 306.466 306.466 306.361 286.105 286 286 286 286 286 286 286 286 286 286 286 286 286 286 286 286 286 286 286 286 286 286 286 286 286 286 286 286.079 301.271 301.349 301.35 301.35 301.35 301.35 301.35 301.35 301.35 301.349 301.271 286.079 286 286 286 286 286 286 286 286 286 286 286 286 286 286 286 286 286 286 286 286 286 286 286 286 286 286 286 286 286 286 286 286 286 286 286 286 286 286 286 
286 286 286 286 286 286 286 286 286 286.108 306.614 306.721 306.722 306.722 306.722 306.722 306.722 306.722 306.722 306.721 306.614 286.108 286 286 286 286 286 286 286 286 286 286 286 286 286 286 286 286 286 286 286 286 286 286 286 286 286 286 286 286.081 301.461 301.541 301.541 301.541 301.541 301.541 301.541 301.541 301.541 301.541 301.461 286.081 286 286 286 286 286 286 286 286 286 286 286 286 286 286 286 286 286 286 286 286 286 286 286 286 286 286 286 286 286 286 286 286 286 286 286 286 286 286 286 
286 286 286 286 286 286 286 286 286 286.11 306.867 306.977 306.978 306.978 306.978 306.978 306.978 306.978 306.978 306.977 306.867 286.11 286 286 286 286 286 286 286 286 286 286 286 286 286 286 286 286 286 286 286 286 286 286 286 286 286 286 286 286.083 301.65 301.733 301.733 301.733 301.733 301.733 301.733 301.733 301.733 301.733 301.65 286.083 286 286 286 286 286 286 286 286 286 286 286 286 286 286 286 286 286 286 286 286 286 286 286 286 286 286 286 286 286 286 286 286 286 286 286 286 286 286 286 
286 286 286 286 286 286 286 286 286 286.113 307.12 307.233 307.234 307.234 307.234 307.234 307.234 307.234 307.234 307.233 307.12 286.113 286 286 286 286 286 286 286 286 286 286 286 286 286 286 286 286 286 286 286 286 286 286 286 286 286 286 286 286.085 301.84 301.925 301.925 301.925 301.925 301.925 301.925 301.925 301.925 301.925 301.84 286.085 286 286 286 286 286 286 286 286 286 286 286 286 286 286 286 286 286 286 286 286 286 286 286 286 286 286 286 286 286 286 286 286 286 286 286 286 286 286 286 
286 286 286 286 286 286 286 286 286 286.116 307.374 307.489 307.489 307.489 307.489 307.489 307.489 307.489 307.489 307.489 307.374 286.116 286 286 286 286 286 286 286 286 286 286 286 286 286 286 286 286 286 286 286 286 286 286 286 286 286 286 286 286.087 302.03 302.117 302.117 302.117 302.117 302.117 302.117 302.117 302.117 302.117 302.03 286.087 286 286 286 286 286 286 286 286 286 286 286 286 286 286 286 286 286 286 286 286 286 286 286 286 286 286 286 286 286 286 286 286 286 286 286 286 286 286 286 
286 286 286 286 286 286 286 286 286 286.119 307.627 307.745 307.745 307.745 307.745 307.745 307.745 307.745 307.745 307.745 307.627 286.119 286 286 286 286 286 286 286 286 286 286 286 286 286 286 286 286 286 286 286 286 286 286 286 286 286 286 286 286.089 302.22 302.309 302.309 302.309 302.309 302.309 302.309 302.309 302.309 302.309 302.22 286.089 286 286 286 286 286 286 286 286 286 286 286 286 286 286 286 286 286 286 286 286 286 286 286 286 286 286 286 286 286 286 286 286 286 286 286 286 286 286 286 
286 286 286 286 286 286 286 286 286 286.121 307.88 308.001 308.001 308.001 308.001 308.001 308.001 308.001 308.001 308.001 307.88 286.121 286 286 286 286 286 286 286 286 286 286 286 286 286 286 286 286 286 286 286 286 286 286 286 286 286 286 286 286.091 302.41 302.5 302.501 302.501 302.501 302.501 302.501 302.501 302.501 302.5 302.41 286.091 286 286 286 286 286 286 286 286 286 286 286 286 286 286 286 286 286 286 286 286 286 286 286 286 286 286 286 286 286 286 286 286 286 286 286 286 286 286 286 
286 286 286 286 286 286 286 286 286 286.124 308.133 308.256 308.257 308.257 308.257 308.257 308.257 308.257 308.257 308.256 308.133 286.124 286 286 286 286 286 286 286 286 286 286 286 286 286 286 286 286 286 286 286 286 286 286 286 286 286 286 286 286.093 302.6 302.692 302.693 302.693 302.693 302.693 302.693 302.693 302.693 302.692 302.6 286.093 286 286 286 286 286 286 286 286 286 286 286 286 286 286 286 286 286 286 286 286 286 286 286 286 286 286 286 286 286 286 286 286 286 286 286 286 286 286 286 
286 286 286 286 286 286 286 286 286 286.127 308.386 308.512 308.513 308.513 308.513 308.513 308.513 308.513 308.513 308.512 308.386 286.127 286 286 286 286 286 286 286 286 286 286 286 286 286 286 286 286 286 286 286 286 286 286 286 286 286 286 286 286.095 302.789 302.884 302.884 302.884 302.884 302.884 302.884 302.884 302.884 302.884 302.789 286.095 286 286 286 286 286 286 286 286 286 286 286 286 286 286 286 286 286 286 286 286 286 286 286 286 286 286 286 286 286 286 286 286 286 286 286 286 286 286 286 
286 286 286 286 286 286 286 286 286.001 286.13 308.639 308.768 308.768 308.768 308.768 308.768 308.768 308.768 308.768 308.768 308.639 286.13 286.001 286 286 286 286 286 286 286 286 286 286 286 286 286 286 286 286 286 286 286 286 286 286 286 286 286 286 286.097 302.979 303.076 303.076 303.076 303.076 303.076 303.076 303.076 303.076 303.076 302.979 286.097 286 286 286 286 286 286 286 286 286 286 286 286 286 286 286 286 286 286 286 286 286 286 286 286 286 286 286 286 286 286 286 286 286 286 286 286 286 286 286 
286 286 286 286 286 286 286 286 286.001 286.133 308.892 309.024 309.024 309.024 309.024 309.024 309.024 309.024 309.024 309.024 308.892 286.133 286.001 286 286 286 286 286 286 286 286 286 286 286 286 286 286 286 286 286 286 286 286 286 286 286 286 286 286 286.1 303.169 303.268 303.268 303.268 303.268 303.268 303.268 303.268 303.268 303.268 303.169 286.1 286 286 286 286 286 286 286 286 286 286 286 286 286 286 286 286 286 286 286 286 286 286 286 286 286 286 286 286 286 286 286 286 286 286 286 286 286 286 286 
286 286 286 286 286 286 286 286 286.001 286.136 309.144 309.28 309.28 309.28 309.28 309.28 309.28 309.28 309.28 309.28 309.144 286.136 286.001 286 286 286 286 286 286 286 286 286 286 286 286 286 286 286 286 286 286 286 286 286 286 286 286 286 286 286.102 303.358 303.46 303.46 303.46 303.46 303.46 303.46 303.46 303.46 303.46 303.358 286.102 286 286 286 286 286 286 286 286 286 286 286 286 286 286 286 286 286 286 286 286 286 286 286 286 286 286 286 286 286 286 286 286 286 286 286 286 286 286 286 
286 286 286 286 286 286 286 286 286.001 286.139 309.397 309.535 309.536 309.536 309.536 309.536 309.536 309.536 309.536 309.535 309.397 286.139 286.001 286 286 286 286 286 286 286 286 286 286 286 286 286 286 286 286 286 286 286 286 286 286 286 286 286 286 286.104 303.548 303.652 303.652 303.652 303.652 303.652 303.652 303.652 303.652 303.652 303.548 286.104 286 286 286 286 286 286 286 286 286 286 286 286 286 286 286 286 286 286 286 286 286 286 286 286 286 286 286 286 286 286 286 286 286 286 286 286 286 286 286 
286 286 286 286 286 286 286 286 286.001 286.142 309.65 309.791 309.792 309.792 309.792 309.792 309.792 309.792 309.792 309.791 309.65 286.142 286.001 286 286 286 286 286 286 286 286 286 286 286 286 286 286 286 286 286 286 286 286 286 286 286 286 286 286 286.106 303.738 303.843 303.844 303.844 303.844 303.844 303.844 303.844 303.844 303.843 303.738 286.106 286 286 286 286 286 286 286 286 286 286 286 286 286 286 286 286 286 286 286 286 286 286 286 286 286 286 286 286 286 286 286 286 286 286 286 286 286 286 286 
286 286 286 286 286 286 286 286 286.001 286.145 309.903 310.047 310.048 310.048 310.048 310.048 310.048 310.048 310.048 310.047 309.903 286.145 286.001 286 286 286 286 286 286 286 286 286 286 286 286 286 286 286 286 286 286 286 286 286 286 286 286 286 286 286.108 303.927 304.035 304.036 304.036 304.036 304.036 304.036 304.036 304.036 304.035 303.927 286.108 286 286 286 286 286 286 286 286 286 286 286 286 286 286 286 286 286 286 286 286 286 286 286 286 286 286 286 286 286 286 286 286 286 286 286 286 286 286 286 
286 286 286 286 286 286 286 286 286.001 286.148 310.156 310.303 310.303 310.303 310.303 310.303 310.303 310.303 310.303 310.303 310.156 286.148 286.001 286 286 286 286 286 286 286 286 286 286 286 286 286 286 286 286 286 286 286 286 286 286 286 286 286 286 286.111 304.117 304.227 304.228 304.228 304.228 304.228 304.228 304.228 304.228 304.227 304.117 286.111 286 286 286 286 286 286 286 286 286 286 286 286 286 286 286 286 286 286 286 286 286 286 286 286 286 286 286 286 286 286 286 286 286 286 286 286 286 286 286 
286 286 286 286 286 286 286 286 286.001 286.151 310.408 310.559 310.559 310.559 310.559 310.559 310.559 310.559 310.559 310.559 310.408 286.151 286.001 286 286 286 286 286 286 286 286 286 286 286 286 286 286 286 286 286 286 286 286 286 286 286 286 286 286 286.113 304.306 304.419 304.419 304.419 304.419 304.419 304.419 304.419 304.419 304.419 304.306 286.113 286 286 286 286 286 286 286 286 286 286 286 286 286 286 286 286 286 286 286 286 286 286 286 286 286 286 286 286 286 286 286 286 286 286 286 286 286 286 286 
286 286 286 286 286 286 286 286 286.001 286.154 310.661 310.814 310.815 310.815 310.815 310.815 310.815 310.815 310.815 310.814 310.661 286.154 286.001 286 286 286 286 286 286 286 286 286 286 286 286 286 286 286 286 286 286 286 286 286 286 286 286 286 286 286.115 304.496 304.611 304.611 304.611 304.611 304.611 304.611 304.611 304.611 304.611 304.496 286.115 286 286 286 286 286 286 286 286 286 286 286 286 286 286 286 286 286 286 286 286 286 286 286 286 286 286 286 286 286 286 286 286 286 286 286 286 286 286 286 
286 286 286 286 286 286 286 286 286.001 286.157 310.914 311.07 311.071 311.071 311.071 311.071 311.071 311.071 311.071 311.07 310.914 286.157 286.001 286 286 286 286 286 286 286 286 286 286 286 286 286 286 286 286 286 286 286 286 286 286 286 286 286 286.001 286.118 304.685 304.803 304.803 304.803 304.803 304.803 304.803 304.803 304.803 304.803 304.685 286.118 286.001 286 286 286 286 286 286 286 286 286 286 286 286 286 286 286 286 286 286 286 286 286 286 286 286 286 286 286 286 286 286 286 286 286 286 286 286 286 286 
286 286 286 286 286 286 286 286 286.001 286.16 311.166 311.326 311.327 311.327 311.327 311.327 311.327 311.327 311.327 311.326 311.166 286.16 286.001 286 286 286 286 286 286 286 286 286 286 286 286 286 286 286 286 286 286 286 286 286 286 286 286 286 286.001 286.12 304.875 304.995 304.995 304.995 304.995 304.995 304.995 304.995 304.995 304.995 304.875 286.12 286.001 286 286 286 286 286 286 286 286 286 286 286 286 286 286 286 286 286 286 286 286 286 286 286 286 286 286 286 286 286 286 286 286 286 286 286 286 286 286 
