286 286 286 286 286 286 286 286 286 286 286 286 286 286 286 286 286 286 286 286 286 286 286 286 286 286 286 286 286 286 286 286 286 286 286 286 286 286 286 286 286 286 286 286 286 286 286 286 286 286 286 286 286 286 286 286 286 286 286 286 286 286 286 286 286 286 286 286 286 286 286 286 286 286 286 286 286 286 286 286 286 286 286 286 286 286 286 286 286 286 286 286 286 286 286 286 286 286 286 286 286 
286 286 286 286 286 286 286 286 286 286 286.15 286.15 286.15 286.15 286.15 286.15 286.15 286.15 286.15 286.15 286.15 286 286 286 286 286 286 286 286 286 286 286 286 286 286 286 286 286 286 286 286 286 286 286 286 286 286 286 286 286 286.113 286.113 286.113 286.113 286.113 286.113 286.113 286.113 286.113 286.113 286.113 286 286 286 286 286 286 286 286 286 286 286 286 286 286 286 286 286 286 286 286 286 286 286 286 286 286 286 286 286 286 286 286 286 286 286 286 286 286 286 286 
286 286 286 286 286 286 286 286 286 286 286.3 286.3 286.3 286.3 286.3 286.3 286.3 286.3 286.3 286.3 286.3 286 286 286 286 286 286 286 286 286 286 286 286 286 286 286 286 286 286 286 286 286 286 286 286 286 286 286 286 286 286.225 286.225 286.225 286.225 286.225 286.225 286.225 286.225 286.225 286.225 286.225 286 286 286 286 286 286 286 286 286 286 286 286 286 286 286 286 286 286 286 286 286 286 286 286 286 286 286 286 286 286 286 286 286 286 286 286 286 286 286 286 
286 286 286 286 286 286 286 286 286 286.001 286.45 286.451 286.451 286.451 286.451 286.451 286.451 286.451 286.451 286.451 286.45 286.001 286 286 286 286 286 286 286 286 286 286 286 286 286 286 286 286 286 286 286 286 286 286 286 286 286 286 286 286.001 286.337 286.338 286.338 286.338 286.338 286.338 286.338 286.338 286.338 286.338 286.337 286.001 286 286 286 286 286 286 286 286 286 286 286 286 286 286 286 286 286 286 286 286 286 286 286 286 286 286 286 286 286 286 286 286 286 286 286 286 286 286 286 
286 286 286 286 286 286 286 286 286 286.001 286.6 286.601 286.601 286.601 286.601 286.601 286.601 286.601 286.601 286.601 286.6 286.001 286 286 286 286 286 286 286 286 286 286 286 286 286 286 286 286 286 286 286 286 286 286 286 286 286 286 286 286.001 286.45 286.451 286.451 286.451 286.451 286.451 286.451 286.451 286.451 286.451 286.45 286.001 286 286 286 286 286 286 286 286 286 286 286 286 286 286 286 286 286 286 286 286 286 286 286 286 286 286 286 286 286 286 286 286 286 286 286 286 286 286 286 
286 286 286 286 286 286 286 286 286 286.002 286.749 286.751 286.751 286.751 286.751 286.751 286.751 286.751 286.751 286.751 286.749 286.002 286 286 286 286 286 286 286 286 286 286 286 286 286 286 286 286 286 286 286 286 286 286 286 286 286 286 286 286.002 286.562 286.563 286.563 286.563 286.563 286.563 286.563 286.563 286.563 286.563 286.562 286.002 286 286 286 286 286 286 286 286 286 286 286 286 286 286 286 286 286 286 286 286 286 286 286 286 286 286 286 286 286 286 286 286 286 286 286 286 286 286 286 
286 286 286 286 286 286 286 286 286 286.003 286.899 286.901 286.901 286.901 286.901 286.901 286.901 286.901 286.901 286.901 286.899 286.003 286 286 286 286 286 286 286 286 286 286 286 286 286 286 286 286 286 286 286 286 286 286 286 286 286 286 286 286.002 286.674 286.676 286.676 286.676 286.676 286.676 286.676 286.676 286.676 286.676 286.674 286.002 286 286 286 286 286 286 286 286 286 286 286 286 286 286 286 286 286 286 286 286 286 286 286 286 286 286 286 286 286 286 286 286 286 286 286 286 286 286 286 
286 286 286 286 286 286 286 286 286 286.004 287.048 287.052 287.052 287.052 287.052 287.052 287.052 287.052 287.052 287.052 287.048 286.004 286 286 286 286 286 286 286 286 286 286 286 286 286 286 286 286 286 286 286 286 286 286 286 286 286 286 286 286.003 286.786 286.789 286.789 286.789 286.789 286.789 286.789 286.789 286.789 286.789 286.786 286.003 286 286 286 286 286 286 286 286 286 286 286 286 286 286 286 286 286 286 286 286 286 286 286 286 286 286 286 286 286 286 286 286 286 286 286 286 286 286 286 
286 286 286 286 286 286 286 286 286 286.005 287.197 287.202 287.202 287.202 287.202 287.202 287.202 287.202 287.202 287.202 287.197 286.005 286 286 286 286 286 286 286 286 286 286 286 286 286 286 286 286 286 286 286 286 286 286 286 286 286 286 286 286.004 286.898 286.901 286.901 286.901 286.901 286.901 286.901 286.901 286.901 286.901 286.898 286.004 286 286 286 286 286 286 286 286 286 286 286 286 286 286 286 286 286 286 286 286 286 286 286 286 286 286 286 286 286 286 286 286 286 286 286 286 286 286 286 
286 286 286 286 286 286 286 286 286 286.006 287.346 287.352 287.352 287.352 287.352 287.352 287.352 287.352 287.352 287.352 287.346 286.006 286 286 286 286 286 286 286 286 286 286 286 286 286 286 286 286 286 286 286 286 286 286 286 286 286 286 286 286.005 287.01 287.014 287.014 287.014 287.014 287.014 287.014 287.014 287.014 287.014 287.01 286.005 286 286 286 286 286 286 286 286 286 286 286 286 286 286 286 286 286 286 286 286 286 286 286 286 286 286 286 286 286 286 286 286 286 286 286 286 286 286 286 
286 286 286 286 286 286 286 286 286 286.007 287.495 287.502 287.502 287.502 287.502 287.502 287.502 287.502 287.502 287.502 287.495 286.007 286 286 286 286 286 286 286 286 286 286 286 286 286 286 286 286 286 286 286 286 286 286 286 286 286 286 286 286.006 287.121 287.127 287.127 287.127 287.127 287.127 287.127 287.127 287.127 287.127 287.121 286.006 286 286 286 286 286 286 286 286 286 286 286 286 286 286 286 286 286 286 286 286 286 286 286 286 286 286 286 286 286 286 286 286 286 286 286 286 286 286 286 
286 286 286 286 286 286 286 286 286 286.009 287.644 287.653 287.653 287.653 287.653 287.653 287.653 287.653 287.653 287.653 287.644 286.009 286 286 286 286 286 286 286 286 286 286 286 286 286 286 286 286 286 286 286 286 286 286 286 286 286 286 286 286.007 287.233 287.239 287.239 287.239 287.239 287.239 287.239 287.239 287.239 287.239 287.233 286.007 286 286 286 286 286 286 286 286 286 286 286 286 286 286 286 286 286 286 286 286 286 286 286 286 286 286 286 286 286 286 286 286 286 286 286 286 286 286 286 
286 286 286 286 286 286 286 286 286 286.01 287.792 287.803 287.803 287.803 287.803 287.803 287.803 287.803 287.803 287.803 287.792 286.01 286 286 286 286 286 286 286 286 286 286 286 286 286 286 286 286 286 286 286 286 286 286 286 286 286 286 286 286.008 287.344 287.352 287.352 287.352 287.352 287.352 287.352 287.352 287.352 287.352 287.344 286.008 286 286 286 286 286 286 286 286 286 286 286 286 286 286 286 286 286 286 286 286 286 286 286 286 286 286 286 286 286 286 286 286 286 286 286 286 286 286 286 
286 286 286 286 286 286 286 286 286 286.012 287.941 287.953 287.953 287.953 287.953 287.953 287.953 287.953 287.953 287.953 287.941 286.012 286 286 286 286 286 286 286 286 286 286 286 286 286 286 286 286 286 286 286 286 286 286 286 286 286 286 286 286.009 287.456 287.465 287.465 287.465 287.465 287.465 287.465 287.465 287.465 287.465 287.456 286.009 286 286 286 286 286 286 286 286 286 286 286 286 286 286 286 286 286 286 286 286 286 286 286 286 286 286 286 286 286 286 286 286 286 286 286 286 286 286 286 
286 286 286 286 286 286 286 286 286 286.014 288.089 288.103 288.103 288.103 288.103 288.103 288.103 288.103 288.103 288.103 288.089 286.014 286 286 286 286 286 286 286 286 286 286 286 286 286 286 286 286 286 286 286 286 286 286 286 286 286 286 286 286.011 287.567 287.577 287.577 287.577 287.577 287.577 287.577 287.577 287.577 287.577 287.567 286.011 286 286 286 286 286 286 286 286 286 286 286 286 286 286 286 286 286 286 286 286 286 286 286 286 286 286 286 286 286 286 286 286 286 286 286 286 286 286 286 
286 286 286 286 286 286 286 286 286 286.016 288.237 288.253 288.253 288.253 288.253 288.253 288.253 288.253 288.253 288.253 288.237 286.016 286 286 286 286 286 286 286 286 286 286 286 286 286 286 286 286 286 286 286 286 286 286 286 286 286 286 286 286.012 287.678 287.69 287.69 287.69 287.69 287.69 287.69 287.69 287.69 287.69 287.678 286.012 286 286 286 286 286 286 286 286 286 286 286 286 286 286 286 286 286 286 286 286 286 286 286 286 286 286 286 286 286 286 286 286 286 286 286 286 286 286 286 
286 286 286 286 286 286 286 286 286 286.018 288.386 288.404 288.404 288.404 288.404 288.404 288.404 288.404 288.404 288.404 288.386 286.018 286 286 286 286 286 286 286 286 286 286 286 286 286 286 286 286 286 286 286 286 286 286 286 286 286 286 286 286.014 287.789 287.803 287.803 287.803 287.803 287.803 287.803 287.803 287.803 287.803 287.789 286.014 286 286 286 286 286 286 286 286 286 286 286 286 286 286 286 286 286 286 286 286 286 286 286 286 286 286 286 286 286 286 286 286 286 286 286 286 286 286 286 
286 286 286 286 286 286 286 286 286 286.02 288.534 288.554 288.554 288.554 288.554 288.554 288.554 288.554 288.554 288.554 288.534 286.02 286 286 286 286 286 286 286 286 286 286 286 286 286 286 286 286 286 286 286 286 286 286 286 286 286 286 286 286.015 287.9 287.915 287.915 287.915 287.915 287.915 287.915 287.915 287.915 287.915 287.9 286.015 286 286 286 286 286 286 286 286 286 286 286 286 286 286 286 286 286 286 286 286 286 286 286 286 286 286 286 286 286 286 286 286 286 286 286 286 286 286 286 
286 286 286 286 286 286 286 286 286 286.023 288.681 288.704 288.704 288.704 288.704 288.704 288.704 288.704 288.704 288.704 288.681 286.023 286 286 286 286 286 286 286 286 286 286 286 286 286 286 286 286 286 286 286 286 286 286 286 286 286 286 286 286.017 288.011 288.028 288.028 288.028 288.028 288.028 288.028 288.028 288.028 288.028 288.011 286.017 286 286 286 286 286 286 286 286 286 286 286 286 286 286 286 286 286 286 286 286 286 286 286 286 286 286 286 286 286 286 286 286 286 286 286 286 286 286 286 
286 286 286 286 286 286 286 286 286 286.025 288.829 288.854 288.854 288.854 288.854 288.854 288.854 288.854 288.854 288.854 288.829 286.025 286 286 286 286 286 286 286 286 286 286 286 286 286 286 286 286 286 286 286 286 286 286 286 286 286 286 286 286.019 288.122 288.141 288.141 288.141 288.141 288.141 288.141 288.141 288.141 288.141 288.122 286.019 286 286 286 286 286 286 286 286 286 286 286 286 286 286 286 286 286 286 286 286 286 286 286 286 286 286 286 286 286 286 286 286 286 286 286 286 286 286 286 
286 286 286 286 286 286 286 286 286 286.028 288.977 289.004 289.005 289.005 289.005 289.005 289.005 289.005 289.005 289.004 288.977 286.028 286 286 286 286 286 286 286 286 286 286 286 286 286 286 286 286 286 286 286 286 286 286 286 286 286 286 286 286.021 288.233 288.253 288.253 288.253 288.253 288.253 288.253 288.253 288.253 288.253 288.233 286.021 286 286 286 286 286 286 286 286 286 286 286 286 286 286 286 286 286 286 286 286 286 286 286 286 286 286 286 286 286 286 286 286 286 286 286 286 286 286 286 
286 286 286 286 286 286 286 286 286 286.031 289.124 289.155 289.155 289.155 289.155 289.155 289.155 289.155 289.155 289.155 289.124 286.031 286 286 286 286 286 286 286 286 286 286 286 286 286 286 286 286 286 286 286 286 286 286 286 286 286 286 286 286.023 288.343 288.366 288.366 288.366 288.366 288.366 288.366 288.366 288.366 288.366 288.343 286.023 286 286 286 286 286 286 286 286 286 286 286 286 286 286 286 286 286 286 286 286 286 286 286 286 286 286 286 286 286 286 286 286 286 286 286 286 286 286 286 
286 286 286 286 286 286 286 286 286 286.034 289.271 289.305 289.305 289.305 289.305 289.305 289.305 289.305 289.305 289.305 289.271 286.034 286 286 286 286 286 286 286 286 286 286 286 286 286 286 286 286 286 286 286 286 286 286 286 286 286 286 286 286.025 288.454 288.479 288.479 288.479 288.479 288.479 288.479 288.479 288.479 288.479 288.454 286.025 286 286 286 286 286 286 286 286 286 286 286 286 286 286 286 286 286 286 286 286 286 286 286 286 286 286 286 286 286 286 286 286 286 286 286 286 286 286 286 
286 286 286 286 286 286 286 286 286 286.037 289.419 289.455 289.455 289.455 289.455 289.455 289.455 289.455 289.455 289.455 289.419 286.037 286 286 286 286 286 286 286 286 286 286 286 286 286 286 286 286 286 286 286 286 286 286 286 286 286 286 286 286.027 288.564 288.591 288.591 288.591 288.591 288.591 288.591 288.591 288.591 288.591 288.564 286.027 286 286 286 286 286 286 286 286 286 286 286 286 286 286 286 286 286 286 286 286 286 286 286 286 286 286 286 286 286 286 286 286 286 286 286 286 286 286 286 
286 286 286 286 286 286 286 286 286 286.04 289.566 289.605 289.606 289.606 289.606 289.606 289.606 289.606 289.606 289.605 289.566 286.04 286 286 286 286 286 286 286 286 286 286 286 286 286 286 286 286 286 286 286 286 286 286 286 286 286 286 286 286.03 288.674 288.704 288.704 288.704 288.704 288.704 288.704 288.704 288.704 288.704 288.674 286.03 286 286 286 286 286 286 286 286 286 286 286 286 286 286 286 286 286 286 286 286 286 286 286 286 286 286 286 286 286 286 286 286 286 286 286 286 286 286 286 
286 286 286 286 286 286 286 286 286 286.043 289.713 289.755 289.756 289.756 289.756 289.756 289.756 289.756 289.756 289.755 289.713 286.043 286 286 286 286 286 286 286 286 286 286 286 286 286 286 286 286 286 286 286 286 286 286 286 286 286 286 286 286.032 288.785 288.817 288.817 288.817 288.817 288.817 288.817 288.817 288.817 288.817 288.785 286.032 286 286 286 286 286 286 286 286 286 286 286 286 286 286 286 286 286 286 286 286 286 286 286 286 286 286 286 286 286 286 286 286 286 286 286 286 286 286 286 
286 286 286 286 286 286 286 286 286 286.046 289.86 289.906 289.906 289.906 289.906 289.906 289.906 289.906 289.906 289.906 289.86 286.046 286 286 286 286 286 286 286 286 286 286 286 286 286 286 286 286 286 286 286 286 286 286 286 286 286 286 286 286.035 288.895 288.929 288.929 288.929 288.929 288.929 288.929 288.929 288.929 288.929 288.895 286.035 286 286 286 286 286 286 286 286 286 286 286 286 286 286 286 286 286 286 286 286 286 286 286 286 286 286 286 286 286 286 286 286 286 286 286 286 286 286 286 
286 286 286 286 286 286 286 286 286 286.05 290.006 290.056 290.056 290.056 290.056 290.056 290.056 290.056 290.056 290.056 290.006 286.05 286 286 286 286 286 286 286 286 286 286 286 286 286 286 286 286 286 286 286 286 286 286 286 286 286 286 286 286.037 289.005 289.042 289.042 289.042 289.042 289.042 289.042 289.042 289.042 289.042 289.005 286.037 286 286 286 286 286 286 286 286 286 286 286 286 286 286 286 286 286 286 286 286 286 286 286 286 286 286 286 286 286 286 286 286 286 286 286 286 286 286 286 
286 286 286 286 286 286 286 286 286 286.054 290.153 290.206 290.206 290.206 290.206 290.206 290.206 290.206 290.206 290.206 290.153 286.054 286 286 286 286 286 286 286 286 286 286 286 286 286 286 286 286 286 286 286 286 286 286 286 286 286 286 286 286.04 289.115 289.154 289.155 289.155 289.155 289.155 289.155 289.155 289.155 289.154 289.115 286.04 286 286 286 286 286 286 286 286 286 286 286 286 286 286 286 286 286 286 286 286 286 286 286 286 286 286 286 286 286 286 286 286 286 286 286 286 286 286 286 
286 286 286 286 286 286 286 286 286.001 286.057 290.299 290.356 290.357 290.357 290.357 290.357 290.357 290.357 290.357 290.356 290.299 286.057 286.001 286 286 286 286 286 286 286 286 286 286 286 286 286 286 286 286 286 286 286 286 286 286 286 286 286 286 286.043 289.224 289.267 289.268 289.268 289.268 289.268 289.268 289.268 289.268 289.267 289.224 286.043 286 286 286 286 286 286 286 286 286 286 286 286 286 286 286 286 286 286 286 286 286 286 286 286 286 286 286 286 286 286 286 286 286 286 286 286 286 286 286 
286 286 286 286 286 286 286 286 286.001 286.061 290.446 290.506 290.507 290.507 290.507 290.507 290.507 290.507 290.507 290.506 290.446 286.061 286.001 286 286 286 286 286 286 286 286 286 286 286 286 286 286 286 286 286 286 286 286 286 286 286 286 286 286 286.046 289.334 289.38 289.38 289.38 289.38 289.38 289.38 289.38 289.38 289.38 289.334 286.046 286 286 286 286 286 286 286 286 286 286 286 286 286 286 286 286 286 286 286 286 286 286 286 286 286 286 286 286 286 286 286 286 286 286 286 286 286 286 286 
286 286 286 286 286 286 286 286 286.001 286.065 290.592 290.657 290.657 290.657 290.657 290.657 290.657 290.657 290.657 290.657 290.592 286.065 286.001 286 286 286 286 286 286 286 286 286 286 286 286 286 286 286 286 286 286 286 286 286 286 286 286 286 286 286.049 289.444 289.492 289.493 289.493 289.493 289.493 289.493 289.493 289.493 289.492 289.444 286.049 286 286 286 286 286 286 286 286 286 286 286 286 286 286 286 286 286 286 286 286 286 286 286 286 286 286 286 286 286 286 286 286 286 286 286 286 286 286 286 
286 286 286 286 286 286 286 286 286.001 286.07 290.738 290.807 290.807 290.807 290.807 290.807 290.807 290.807 290.807 290.807 290.738 286.07 286.001 286 286 286 286 286 286 286 286 286 286 286 286 286 286 286 286 286 286 286 286 286 286 286 286 286 286.001 286.052 289.553 289.605 289.606 289.606 289.606 289.606 289.606 289.606 289.606 289.605 289.553 286.052 286.001 286 286 286 286 286 286 286 286 286 286 286 286 286 286 286 286 286 286 286 286 286 286 286 286 286 286 286 286 286 286 286 286 286 286 286 286 286 286 
286 286 286 286 286 286 286 286 286.001 286.074 290.884 290.957 290.958 290.958 290.958 290.958 290.958 290.958 290.958 290.957 290.884 286.074 286.001 286 286 286 286 286 286 286 286 286 286 286 286 286 286 286 286 286 286 286 286 286 286 286 286 286 286.001 286.055 289.663 289.718 289.718 289.718 289.718 289.718 289.718 289.718 289.718 289.718 289.663 286.055 286.001 286 286 286 286 286 286 286 286 286 286 286 286 286 286 286 286 286 286 286 286 286 286 286 286 286 286 286 286 286 286 286 286 286 286 286 286 286 286 
286 286 286 286 286 286 286 286 286.001 286.078 291.03 291.107 291.108 291.108 291.108 291.108 291.108 291.108 291.108 291.107 291.03 286.078 286.001 286 286 286 286 286 286 286 286 286 286 286 286 286 286 286 286 286 286 286 286 286 286 286 286 286 286.001 286.059 289.772 289.83 289.831 289.831 289.831 289.831 289.831 289.831 289.831 289.83 289.772 286.059 286.001 286 286 286 286 286 286 286 286 286 286 286 286 286 286 286 286 286 286 286 286 286 286 286 286 286 286 286 286 286 286 286 286 286 286 286 286 286 286 
286 286 286 286 286 286 286 286 286.001 286.083 291.175 291.257 291.258 291.258 291.258 291.258 291.258 291.258 291.258 291.257 291.175 286.083 286.001 286 286 286 286 286 286 286 286 286 286 286 286 286 286 286 286 286 286 286 286 286 286 286 286 286 286.001 286.062 289.882 289.943 289.944 289.944 289.944 289.944 289.944 289.944 289.944 289.943 289.882 286.062 286.001 286 286 286 286 286 286 286 286 286 286 286 286 286 286 286 286 286 286 286 286 286 286 286 286 286 286 286 286 286 286 286 286 286 286 286 286 286 286 
286 286 286 286 286 286 286 286 286.001 286.087 291.321 291.407 291.408 291.408 291.408 291.408 291.408 291.408 291.408 291.407 291.321 286.087 286.001 286 286 286 286 286 286 286 286 286 286 286 286 286 286 286 286 286 286 286 286 286 286 286 286 286 286.001 286.066 289.991 290.055 290.056 290.056 290.056 290.056 290.056 290.056 290.056 290.055 289.991 286.066 286.001 286 286 286 286 286 286 286 286 286 286 286 286 286 286 286 286 286 286 286 286 286 286 286 286 286 286 286 286 286 286 286 286 286 286 286 286 286 286 
286 286 286 286 286 286 286 286 286.001 286.092 291.466 291.557 291.559 291.559 291.559 291.559 291.559 291.559 291.559 291.557 291.466 286.092 286.001 286 286 286 286 286 286 286 286 286 286 286 286 286 286 286 286 286 286 286 286 286 286 286 286 286 286.001 286.069 290.1 290.168 290.169 290.169 290.169 290.169 290.169 290.169 290.169 290.168 290.1 286.069 286.001 286 286 286 286 286 286 286 286 286 286 286 286 286 286 286 286 286 286 286 286 286 286 286 286 286 286 286 286 286 286 286 286 286 286 286 286 286 286 
286 286 286 286 286 286 286 286 286.001 286.097 291.612 291.708 291.709 291.709 291.709 291.709 291.709 291.709 291.709 291.708 291.612 286.097 286.001 286 286 286 286 286 286 286 286 286 286 286 286 286 286 286 286 286 286 286 286 286 286 286 286 286 286.001 286.073 290.209 290.281 290.282 290.282 290.282 290.282 290.282 290.282 290.282 290.281 290.209 286.073 286.001 286 286 286 286 286 286 286 286 286 286 286 286 286 286 286 286 286 286 286 286 286 286 286 286 286 286 286 286 286 286 286 286 286 286 286 286 286 286 
286 286 286 286 286 286 286 286 286.001 286.102 291.757 291.858 291.859 291.859 291.859 291.859 291.859 291.859 291.859 291.858 291.757 286.102 286.001 286 286 286 286 286 286 286 286 286 286 286 286 286 286 286 286 286 286 286 286 286 286 286 286 286 286.001 286.077 290.318 290.393 290.394 290.394 290.394 290.394 290.394 290.394 290.394 290.393 290.318 286.077 286.001 286 286 286 286 286 286 286 286 286 286 286 286 286 286 286 286 286 286 286 286 286 286 286 286 286 286 286 286 286 286 286 286 286 286 286 286 286 286 
286 286 286 286 286 286 286 286 286.001 286.107 291.902 292.008 292.009 292.009 292.009 292.009 292.009 292.009 292.009 292.008 291.902 286.107 286.001 286 286 286 286 286 286 286 286 286 286 286 286 286 286 286 286 286 286 286 286 286 286 286 286 286 286.001 286.08 290.427 290.506 290.507 290.507 290.507 290.507 290.507 290.507 290.507 290.506 290.427 286.08 286.001 286 286 286 286 286 286 286 286 286 286 286 286 286 286 286 286 286 286 286 286 286 286 286 286 286 286 286 286 286 286 286 286 286 286 286 286 286 286 
286 286 286 286 286 286 286 286 286.001 286.112 292.047 292.158 292.159 292.159 292.159 292.159 292.159 292.159 292.159 292.158 292.047 286.112 286.001 286 286 286 286 286 286 286 286 286 286 286 286 286 286 286 286 286 286 286 286 286 286 286 286 286 286.001 286.084 290.535 290.619 290.62 290.62 290.62 290.62 290.62 290.62 290.62 290.619 290.535 286.084 286.001 286 286 286 286 286 286 286 286 286 286 286 286 286 286 286 286 286 286 286 286 286 286 286 286 286 286 286 286 286 286 286 286 286 286 286 286 286 286 
286 286 286 286 286 286 286 286 286.002 286.118 292.192 292.308 292.31 292.31 292.31 292.31 292.31 292.31 292.31 292.308 292.192 286.118 286.002 286 286 286 286 286 286 286 286 286 286 286 286 286 286 286 286 286 286 286 286 286 286 286 286 286 286.001 286.088 290.644 290.731 290.732 290.732 290.732 290.732 290.732 290.732 290.732 290.731 290.644 286.088 286.001 286 286 286 286 286 286 286 286 286 286 286 286 286 286 286 286 286 286 286 286 286 286 286 286 286 286 286 286 286 286 286 286 286 286 286 286 286 286 
286 286 286 286 286 286 286 286 286.002 286.123 292.337 292.458 292.46 292.46 292.46 292.46 292.46 292.46 292.46 292.458 292.337 286.123 286.002 286 286 286 286 286 286 286 286 286 286 286 286 286 286 286 286 286 286 286 286 286 286 286 286 286 286.001 286.093 290.752 290.844 290.845 290.845 290.845 290.845 290.845 290.845 290.845 290.844 290.752 286.093 286.001 286 286 286 286 286 286 286 286 286 286 286 286 286 286 286 286 286 286 286 286 286 286 286 286 286 286 286 286 286 286 286 286 286 286 286 286 286 286 
286 286 286 286 286 286 286 286 286.002 286.129 292.481 292.608 292.61 292.61 292.61 292.61 292.61 292.61 292.61 292.608 292.481 286.129 286.002 286 286 286 286 286 286 286 286 286 286 286 286 286 286 286 286 286 286 286 286 286 286 286 286 286 286.001 286.097 290.861 290.956 290.958 290.958 290.958 290.958 290.958 290.958 290.958 290.956 290.861 286.097 286.001 286 286 286 286 286 286 286 286 286 286 286 286 286 286 286 286 286 286 286 286 286 286 286 286 286 286 286 286 286 286 286 286 286 286 286 286 286 286 
286 286 286 286 286 286 286 286 286.002 286.135 292.626 292.758 292.76 292.76 292.76 292.76 292.76 292.76 292.76 292.758 292.626 286.135 286.002 286 286 286 286 286 286 286 286 286 286 286 286 286 286 286 286 286 286 286 286 286 286 286 286 286 286.001 286.101 290.969 291.069 291.07 291.07 291.07 291.07 291.07 291.07 291.07 291.069 290.969 286.101 286.001 286 286 286 286 286 286 286 286 286 286 286 286 286 286 286 286 286 286 286 286 286 286 286 286 286 286 286 286 286 286 286 286 286 286 286 286 286 286 
286 286 286 286 286 286 286 286 286.002 286.141 292.77 292.909 292.911 292.911 292.911 292.911 292.911 292.911 292.911 292.909 292.77 286.141 286.002 286 286 286 286 286 286 286 286 286 286 286 286 286 286 286 286 286 286 286 286 286 286 286 286 286 286.002 286.105 291.078 291.181 291.183 291.183 291.183 291.183 291.183 291.183 291.183 291.181 291.078 286.105 286.002 286 286 286 286 286 286 286 286 286 286 286 286 286 286 286 286 286 286 286 286 286 286 286 286 286 286 286 286 286 286 286 286 286 286 286 286 286 286 
286 286 286 286 286 286 286 286 286.002 286.147 292.914 293.059 293.061 293.061 293.061 293.061 293.061 293.061 293.061 293.059 292.914 286.147 286.002 286 286 286 286 286 286 286 286 286 286 286 286 286 286 286 286 286 286 286 286 286 286 286 286 286 286.002 286.11 291.186 291.294 291.296 291.296 291.296 291.296 291.296 291.296 291.296 291.294 291.186 286.11 286.002 286 286 286 286 286 286 286 286 286 286 286 286 286 286 286 286 286 286 286 286 286 286 286 286 286 286 286 286 286 286 286 286 286 286 286 286 286 286 
286 286 286 286 286 286 286 286 286.002 286.153 293.058 293.209 293.211 293.211 293.211 293.211 293.211 293.211 293.211 293.209 293.058 286.153 286.002 286 286 286 286 286 286 286 286 286 286 286 286 286 286 286 286 286 286 286 286 286 286 286 286 286 286.002 286.115 291.294 291.407 291.408 291.408 291.408 291.408 291.408 291.408 291.408 291.407 291.294 286.115 286.002 286 286 286 286 286 286 286 286 286 286 286 286 286 286 286 286 286 286 286 286 286 286 286 286 286 286 286 286 286 286 286 286 286 286 286 286 286 286 
286 286 286 286 286 286 286 286 286.002 286.159 293.202 293.359 293.361 293.361 293.361 293.361 293.361 293.361 293.361 293.359 293.202 286.159 286.002 286 286 286 286 286 286 286 286 286 286 286 286 286 286 286 286 286 286 286 286 286 286 286 286 286 286.002 286.119 291.402 291.519 291.521 291.521 291.521 291.521 291.521 291.521 291.521 291.519 291.402 286.119 286.002 286 286 286 286 286 286 286 286 286 286 286 286 286 286 286 286 286 286 286 286 286 286 286 286 286 286 286 286 286 286 286 286 286 286 286 286 286 286 
286 286 286 286 286 286 286 286 286.003 286.165 293.346 293.509 293.512 293.512 293.512 293.512 293.512 293.512 293.512 293.509 293.346 286.165 286.003 286 286 286 286 286 286 286 286 286 286 286 286 286 286 286 286 286 286 286 286 286 286 286 286 286 286.002 286.124 291.51 291.632 291.634 291.634 291.634 291.634 291.634 291.634 291.634 291.632 291.51 286.124 286.002 286 286 286 286 286 286 286 286 286 286 286 286 286 286 286 286 286 286 286 286 286 286 286 286 286 286 286 286 286 286 286 286 286 286 286 286 286 286 
286 286 286 286 286 286 286 286 286.003 286.172 293.49 293.659 293.662 293.662 293.662 293.662 293.662 293.662 293.662 293.659 293.49 286.172 286.003 286 286 286 286 286 286 286 286 286 286 286 286 286 286 286 286 286 286 286 286 286 286 286 286 286 286.002 286.129 291.618 291.744 291.746 291.746 291.746 291.746 291.746 291.746 291.746 291.744 291.618 286.129 286.002 286 286 286 286 286 286 286 286 286 286 286 286 286 286 286 286 286 286 286 286 286 286 286 286 286 286 286 286 286 286 286 286 286 286 286 286 286 286 
286 286 286 286 286 286 286 286 286.003 286.178 293.634 293.809 293.812 293.812 293.812 293.812 293.812 293.812 293.812 293.809 293.634 286.178 286.003 286 286 286 286 286 286 286 286 286 286 286 286 286 286 286 286 286 286 286 286 286 286 286 286 286 286.002 286.134 291.725 291.857 291.859 291.859 291.859 291.859 291.859 291.859 291.859 291.857 291.725 286.134 286.002 286 286 286 286 286 286 286 286 286 286 286 286 286 286 286 286 286 286 286 286 286 286 286 286 286 286 286 286 286 286 286 286 286 286 286 286 286 286 
286 286 286 286 286 286 286 286 286.003 286.185 293.777 293.959 293.962 293.962 293.962 293.962 293.962 293.962 293.962 293.959 293.777 286.185 286.003 286 286 286 286 286 286 286 286 286 286 286 286 286 286 286 286 286 286 286 286 286 286 286 286 286 286.002 286.139 291.833 291.969 291.972 291.972 291.972 291.972 291.972 291.972 291.972 291.969 291.833 286.139 286.002 286 286 286 286 286 286 286 286 286 286 286 286 286 286 286 286 286 286 286 286 286 286 286 286 286 286 286 286 286 286 286 286 286 286 286 286 286 286 
286 286 286 286 286 286 286 286 286.003 286.192 293.921 294.109 294.112 294.112 294.112 294.112 294.112 294.112 294.112 294.109 293.921 286.192 286.003 286 286 286 286 286 286 286 286 286 286 286 286 286 286 286 286 286 286 286 286 286 286 286 286 286 286.002 286.144 291.941 292.082 292.084 292.084 292.084 292.084 292.084 292.084 292.084 292.082 291.941 286.144 286.002 286 286 286 286 286 286 286 286 286 286 286 286 286 286 286 286 286 286 286 286 286 286 286 286 286 286 286 286 286 286 286 286 286 286 286 286 286 286 
286 286 286 286 286 286 286 286 286.003 286.199 294.064 294.259 294.263 294.263 294.263 294.263 294.263 294.263 294.263 294.259 294.064 286.199 286.003 286 286 286 286 286 286 286 286 286 286 286 286 286 286 286 286 286 286 286 286 286 286 286 286 286 286.003 286.149 292.048 292.194 292.197 292.197 292.197 292.197 292.197 292.197 292.197 292.194 292.048 286.149 286.003 286 286 286 286 286 286 286 286 286 286 286 286 286 286 286 286 286 286 286 286 286 286 286 286 286 286 286 286 286 286 286 286 286 286 286 286 286 286 
286 286 286 286 286 286 286 286 286.004 286.206 294.207 294.409 294.413 294.413 294.413 294.413 294.413 294.413 294.413 294.409 294.207 286.206 286.004 286 286 286 286 286 286 286 286 286 286 286 286 286 286 286 286 286 286 286 286 286 286 286 286 286 286.003 286.154 292.155 292.307 292.31 292.31 292.31 292.31 292.31 292.31 292.31 292.307 292.155 286.154 286.003 286 286 286 286 286 286 286 286 286 286 286 286 286 286 286 286 286 286 286 286 286 286 286 286 286 286 286 286 286 286 286 286 286 286 286 286 286 286 
286 286 286 286 286 286 286 286 286.004 286.213 294.35 294.559 294.563 294.563 294.563 294.563 294.563 294.563 294.563 294.559 294.35 286.213 286.004 286 286 286 286 286 286 286 286 286 286 286 286 286 286 286 286 286 286 286 286 286 286 286 286 286 286.003 286.16 292.263 292.42 292.422 292.422 292.422 292.422 292.422 292.422 292.422 292.42 292.263 286.16 286.003 286 286 286 286 286 286 286 286 286 286 286 286 286 286 286 286 286 286 286 286 286 286 286 286 286 286 286 286 286 286 286 286 286 286 286 286 286 286 
286 286 286 286 286 286 286 286 286.004 286.22 294.493 294.709 294.713 294.713 294.713 294.713 294.713 294.713 294.713 294.709 294.493 286.22 286.004 286 286 286 286 286 286 286 286 286 286 286 286 286 286 286 286 286 286 286 286 286 286 286 286 286 286.003 286.165 292.37 292.532 292.535 292.535 292.535 292.535 292.535 292.535 292.535 292.532 292.37 286.165 286.003 286 286 286 286 286 286 286 286 286 286 286 286 286 286 286 286 286 286 286 286 286 286 286 286 286 286 286 286 286 286 286 286 286 286 286 286 286 286 
286 286 286 286 286 286 286 286 286.004 286.228 294.636 294.859 294.864 294.864 294.864 294.864 294.864 294.864 294.864 294.859 294.636 286.228 286.004 286 286 286 286 286 286 286 286 286 286 286 286 286 286 286 286 286 286 286 286 286 286 286 286 286 286.003 286.171 292.477 292.645 292.648 292.648 292.648 292.648 292.648 292.648 292.648 292.645 292.477 286.171 286.003 286 286 286 286 286 286 286 286 286 286 286 286 286 286 286 286 286 286 286 286 286 286 286 286 286 286 286 286 286 286 286 286 286 286 286 286 286 286 
286 286 286 286 286 286 286 286 286.004 286.235 294.779 295.01 295.014 295.014 295.014 295.014 295.014 295.014 295.014 295.01 294.779 286.235 286.004 286 286 286 286 286 286 286 286 286 286 286 286 286 286 286 286 286 286 286 286 286 286 286 286 286 286.003 286.176 292.584 292.757 292.76 292.76 292.76 292.76 292.76 292.76 292.76 292.757 292.584 286.176 286.003 286 286 286 286 286 286 286 286 286 286 286 286 286 286 286 286 286 286 286 286 286 286 286 286 286 286 286 286 286 286 286 286 286 286 286 286 286 286 
286 286 286 286 286 286 286 286 286.005 286.243 294.921 295.16 295.164 295.164 295.164 295.164 295.164 295.164 295.164 295.16 294.921 286.243 286.005 286 286 286 286 286 286 286 286 286 286 286 286 286 286 286 286 286 286 286 286 286 286 286 286 286 286.003 286.182 292.691 292.87 292.873 292.873 292.873 292.873 292.873 292.873 292.873 292.87 292.691 286.182 286.003 286 286 286 286 286 286 286 286 286 286 286 286 286 286 286 286 286 286 286 286 286 286 286 286 286 286 286 286 286 286 286 286 286 286 286 286 286 286 
286 286 286 286 286 286 286 286 286.005 286.25 295.064 295.31 295.314 295.314 295.314 295.314 295.314 295.314 295.314 295.31 295.064 286.25 286.005 286 286 286 286 286 286 286 286 286 286 286 286 286 286 286 286 286 286 286 286 286 286 286 286 286 286.004 286.188 292.798 292.982 292.986 292.986 292.986 292.986 292.986 292.986 292.986 292.982 292.798 286.188 286.004 286 286 286 286 286 286 286 286 286 286 286 286 286 286 286 286 286 286 286 286 286 286 286 286 286 286 286 286 286 286 286 286 286 286 286 286 286 286 
286 286 286 286 286 286 286 286 286.005 286.258 295.206 295.46 295.464 295.465 295.465 295.465 295.465 295.465 295.464 295.46 295.206 286.258 286.005 286 286 286 286 286 286 286 286 286 286 286 286 286 286 286 286 286 286 286 286 286 286 286 286 286 286.004 286.194 292.905 293.095 293.098 293.098 293.098 293.098 293.098 293.098 293.098 293.095 292.905 286.194 286.004 286 286 286 286 286 286 286 286 286 286 286 286 286 286 286 286 286 286 286 286 286 286 286 286 286 286 286 286 286 286 286 286 286 286 286 286 286 286 
286 286 286 286 286 286 286 286 286.005 286.266 295.348 295.61 295.615 295.615 295.615 295.615 295.615 295.615 295.615 295.61 295.348 286.266 286.005 286 286 286 286 286 286 286 286 286 286 286 286 286 286 286 286 286 286 286 286 286 286 286 286 286 286.004 286.2 293.011 293.207 293.211 293.211 293.211 293.211 293.211 293.211 293.211 293.207 293.011 286.2 286.004 286 286 286 286 286 286 286 286 286 286 286 286 286 286 286 286 286 286 286 286 286 286 286 286 286 286 286 286 286 286 286 286 286 286 286 286 286 286 
286 286 286 286 286 286 286 286 286.005 286.274 295.491 295.76 295.765 295.765 295.765 295.765 295.765 295.765 295.765 295.76 295.491 286.274 286.005 286 286 286 286 286 286 286 286 286 286 286 286 286 286 286 286 286 286 286 286 286 286 286 286 286 286.004 286.206 293.118 293.32 293.324 293.324 293.324 293.324 293.324 293.324 293.324 293.32 293.118 286.206 286.004 286 286 286 286 286 286 286 286 286 286 286 286 286 286 286 286 286 286 286 286 286 286 286 286 286 286 286 286 286 286 286 286 286 286 286 286 286 286 
286 286 286 286 286 286 286 286 286.006 286.283 295.633 295.91 295.915 295.915 295.915 295.915 295.915 295.915 295.915 295.91 295.633 286.283 286.006 286 286 286 286 286 286 286 286 286 286 286 286 286 286 286 286 286 286 286 286 286 286 286 286 286 286.004 286.212 293.224 293.432 293.436 293.436 293.436 293.436 293.436 293.436 293.436 293.432 293.224 286.212 286.004 286 286 286 286 286 286 286 286 286 286 286 286 286 286 286 286 286 286 286 286 286 286 286 286 286 286 286 286 286 286 286 286 286 286 286 286 286 286 
286 286 286 286 286 286 286 286 286.006 286.291 295.775 296.06 296.065 296.065 296.065 296.065 296.065 296.065 296.065 296.06 295.775 286.291 286.006 286 286 286 286 286 286 286 286 286 286 286 286 286 286 286 286 286 286 286 286 286 286 286 286 286 286.004 286.218 293.331 293.545 293.549 293.549 293.549 293.549 293.549 293.549 293.549 293.545 293.331 286.218 286.004 286 286 286 286 286 286 286 286 286 286 286 286 286 286 286 286 286 286 286 286 286 286 286 286 286 286 286 286 286 286 286 286 286 286 286 286 286 286 
286 286 286 286 286 286 286 286 286.006 286.299 295.916 296.209 296.216 296.216 296.216 296.216 296.216 296.216 296.216 296.209 295.916 286.299 286.006 286 286 286 286 286 286 286 286 286 286 286 286 286 286 286 286 286 286 286 286 286 286 286 286 286 286.005 286.224 293.437 293.657 293.662 293.662 293.662 293.662 293.662 293.662 293.662 293.657 293.437 286.224 286.005 286 286 286 286 286 286 286 286 286 286 286 286 286 286 286 286 286 286 286 286 286 286 286 286 286 286 286 286 286 286 286 286 286 286 286 286 286 286 
286 286 286 286 286 286 286 286 286.006 286.308 296.058 296.359 296.366 296.366 296.366 296.366 296.366 296.366 296.366 296.359 296.058 286.308 286.006 286 286 286 286 286 286 286 286 286 286 286 286 286 286 286 286 286 286 286 286 286 286 286 286 286 286.005 286.231 293.544 293.77 293.774 293.774 293.774 293.774 293.774 293.774 293.774 293.77 293.544 286.231 286.005 286 286 286 286 286 286 286 286 286 286 286 286 286 286 286 286 286 286 286 286 286 286 286 286 286 286 286 286 286 286 286 286 286 286 286 286 286 286 
286 286 286 286 286 286 286 286 286.007 286.316 296.2 296.509 296.516 296.516 296.516 296.516 296.516 296.516 296.516 296.509 296.2 286.316 286.007 286 286 286 286 286 286 286 286 286 286 286 286 286 286 286 286 286 286 286 286 286 286 286 286 286 286.005 286.237 293.65 293.882 293.887 293.887 293.887 293.887 293.887 293.887 293.887 293.882 293.65 286.237 286.005 286 286 286 286 286 286 286 286 286 286 286 286 286 286 286 286 286 286 286 286 286 286 286 286 286 286 286 286 286 286 286 286 286 286 286 286 286 286 
286 286 286 286 286 286 286 286 286.007 286.325 296.341 296.659 296.666 296.666 296.666 296.666 296.666 296.666 296.666 296.659 296.341 286.325 286.007 286 286 286 286 286 286 286 286 286 286 286 286 286 286 286 286 286 286 286 286 286 286 286 286 286 286.005 286.244 293.756 293.995 294 294 294 294 294 294 294 293.995 293.756 286.244 286.005 286 286 286 286 286 286 286 286 286 286 286 286 286 286 286 286 286 286 286 286 286 286 286 286 286 286 286 286 286 286 286 286 286 286 286 286 286 286 
286 286 286 286 286 286 286 286 286.007 286.334 296.482 296.809 296.816 296.817 296.817 296.817 296.817 296.817 296.816 296.809 296.482 286.334 286.007 286 286 286 286 286 286 286 286 286 286 286 286 286 286 286 286 286 286 286 286 286 286 286 286 286 286.005 286.251 293.862 294.107 294.112 294.112 294.112 294.112 294.112 294.112 294.112 294.107 293.862 286.251 286.005 286 286 286 286 286 286 286 286 286 286 286 286 286 286 286 286 286 286 286 286 286 286 286 286 286 286 286 286 286 286 286 286 286 286 286 286 286 286 
286 286 286 286 286 286 286 286 286.008 286.343 296.624 296.959 296.967 296.967 296.967 296.967 296.967 296.967 296.967 296.959 296.624 286.343 286.008 286 286 286 286 286 286 286 286 286 286 286 286 286 286 286 286 286 286 286 286 286 286 286 286 286 286.006 286.257 293.968 294.219 294.225 294.225 294.225 294.225 294.225 294.225 294.225 294.219 293.968 286.257 286.006 286 286 286 286 286 286 286 286 286 286 286 286 286 286 286 286 286 286 286 286 286 286 286 286 286 286 286 286 286 286 286 286 286 286 286 286 286 286 
286 286 286 286 286 286 286 286 286.008 286.352 296.765 297.109 297.117 297.117 297.117 297.117 297.117 297.117 297.117 297.109 296.765 286.352 286.008 286 286 286 286 286 286 286 286 286 286 286 286 286 286 286 286 286 286 286 286 286 286 286 286 286 286.006 286.264 294.074 294.332 294.338 294.338 294.338 294.338 294.338 294.338 294.338 294.332 294.074 286.264 286.006 286 286 286 286 286 286 286 286 286 286 286 286 286 286 286 286 286 286 286 286 286 286 286 286 286 286 286 286 286 286 286 286 286 286 286 286 286 286 
286 286 286 286 286 286 286 286 286.008 286.361 296.906 297.259 297.267 297.267 297.267 297.267 297.267 297.267 297.267 297.259 296.906 286.361 286.008 286 286 286 286 286 286 286 286 286 286 286 286 286 286 286 286 286 286 286 286 286 286 286 286 286 286.006 286.271 294.179 294.444 294.45 294.45 294.45 294.45 294.45 294.45 294.45 294.444 294.179 286.271 286.006 286 286 286 286 286 286 286 286 286 286 286 286 286 286 286 286 286 286 286 286 286 286 286 286 286 286 286 286 286 286 286 286 286 286 286 286 286 286 
286 286 286 286 286 286 286 286 286.009 286.371 297.047 297.409 297.417 297.418 297.418 297.418 297.418 297.418 297.417 297.409 297.047 286.371 286.009 286 286 286 286 286 286 286 286 286 286 286 286 286 286 286 286 286 286 286 286 286 286 286 286 286 286.006 286.278 294.285 294.557 294.563 294.563 294.563 294.563 294.563 294.563 294.563 294.557 294.285 286.278 286.006 286 286 286 286 286 286 286 286 286 286 286 286 286 286 286 286 286 286 286 286 286 286 286 286 286 286 286 286 286 286 286 286 286 286 286 286 286 286 
286 286 286 286 286 286 286 286 286.009 286.38 297.188 297.559 297.568 297.568 297.568 297.568 297.568 297.568 297.568 297.559 297.188 286.38 286.009 286 286 286 286 286 286 286 286 286 286 286 286 286 286 286 286 286 286 286 286 286 286 286 286 286 286.007 286.285 294.391 294.669 294.676 294.676 294.676 294.676 294.676 294.676 294.676 294.669 294.391 286.285 286.007 286 286 286 286 286 286 286 286 286 286 286 286 286 286 286 286 286 286 286 286 286 286 286 286 286 286 286 286 286 286 286 286 286 286 286 286 286 286 
286 286 286 286 286 286 286 286 286.009 286.39 297.328 297.709 297.718 297.718 297.718 297.718 297.718 297.718 297.718 297.709 297.328 286.39 286.009 286 286 286 286 286 286 286 286 286 286 286 286 286 286 286 286 286 286 286 286 286 286 286 286 286 286.007 286.292 294.496 294.782 294.788 294.788 294.788 294.788 294.788 294.788 294.788 294.782 294.496 286.292 286.007 286 286 286 286 286 286 286 286 286 286 286 286 286 286 286 286 286 286 286 286 286 286 286 286 286 286 286 286 286 286 286 286 286 286 286 286 286 286 
286 286 286 286 286 286 286 286 286.01 286.399 297.469 297.859 297.868 297.868 297.868 297.868 297.868 297.868 297.868 297.859 297.469 286.399 286.01 286 286 286 286 286 286 286 286 286 286 286 286 286 286 286 286 286 286 286 286 286 286 286 286 286 286.007 286.3 294.602 294.894 294.901 294.901 294.901 294.901 294.901 294.901 294.901 294.894 294.602 286.3 286.007 286 286 286 286 286 286 286 286 286 286 286 286 286 286 286 286 286 286 286 286 286 286 286 286 286 286 286 286 286 286 286 286 286 286 286 286 286 286 
286 286 286 286 286 286 286 286 286.01 286.409 297.609 298.009 298.018 298.018 298.018 298.018 298.018 298.018 298.018 298.009 297.609 286.409 286.01 286 286 286 286 286 286 286 286 286 286 286 286 286 286 286 286 286 286 286 286 286 286 286 286 286 286.007 286.307 294.707 295.006 295.014 295.014 295.014 295.014 295.014 295.014 295.014 295.006 294.707 286.307 286.007 286 286 286 286 286 286 286 286 286 286 286 286 286 286 286 286 286 286 286 286 286 286 286 286 286 286 286 286 286 286 286 286 286 286 286 286 286 286 
286 286 286 286 286 286 286 286 286.01 286.419 297.75 298.158 298.168 298.169 298.169 298.169 298.169 298.169 298.168 298.158 297.75 286.419 286.01 286 286 286 286 286 286 286 286 286 286 286 286 286 286 286 286 286 286 286 286 286 286 286 286 286 286.008 286.314 294.812 295.119 295.126 295.127 295.127 295.127 295.127 295.127 295.126 295.119 294.812 286.314 286.008 286 286 286 286 286 286 286 286 286 286 286 286 286 286 286 286 286 286 286 286 286 286 286 286 286 286 286 286 286 286 286 286 286 286 286 286 286 286 
286 286 286 286 286 286 286 286 286.011 286.429 297.89 298.308 298.319 298.319 298.319 298.319 298.319 298.319 298.319 298.308 297.89 286.429 286.011 286 286 286 286 286 286 286 286 286 286 286 286 286 286 286 286 286 286 286 286 286 286 286 286 286 286.008 286.322 294.917 295.231 295.239 295.239 295.239 295.239 295.239 295.239 295.239 295.231 294.917 286.322 286.008 286 286 286 286 286 286 286 286 286 286 286 286 286 286 286 286 286 286 286 286 286 286 286 286 286 286 286 286 286 286 286 286 286 286 286 286 286 286 
286 286 286 286 286 286 286 286 286.011 286.439 298.03 298.458 298.469 298.469 298.469 298.469 298.469 298.469 298.469 298.458 298.03 286.439 286.011 286 286 286 286 286 286 286 286 286 286 286 286 286 286 286 286 286 286 286 286 286 286 286 286 286 286.008 286.329 295.023 295.344 295.352 295.352 295.352 295.352 295.352 295.352 295.352 295.344 295.023 286.329 286.008 286 286 286 286 286 286 286 286 286 286 286 286 286 286 286 286 286 286 286 286 286 286 286 286 286 286 286 286 286 286 286 286 286 286 286 286 286 286 
286 286 286 286 286 286 286 286 286.011 286.449 298.17 298.608 298.619 298.619 298.619 298.619 298.619 298.619 298.619 298.608 298.17 286.449 286.011 286 286 286 286 286 286 286 286 286 286 286 286 286 286 286 286 286 286 286 286 286 286 286 286 286 286.009 286.337 295.128 295.456 295.464 295.465 295.465 295.465 295.465 295.465 295.464 295.456 295.128 286.337 286.009 286 286 286 286 286 286 286 286 286 286 286 286 286 286 286 286 286 286 286 286 286 286 286 286 286 286 286 286 286 286 286 286 286 286 286 286 286 286 
286 286 286 286 286 286 286 286 286.012 286.46 298.31 298.758 298.769 298.77 298.77 298.77 298.77 298.77 298.769 298.758 298.31 286.46 286.012 286 286 286 286 286 286 286 286 286 286 286 286 286 286 286 286 286 286 286 286 286 286 286 286 286 286.009 286.345 295.233 295.568 295.577 295.577 295.577 295.577 295.577 295.577 295.577 295.568 295.233 286.345 286.009 286 286 286 286 286 286 286 286 286 286 286 286 286 286 286 286 286 286 286 286 286 286 286 286 286 286 286 286 286 286 286 286 286 286 286 286 286 286 
286 286 286 286 286 286 286 286 286.012 286.47 298.45 298.908 298.92 298.92 298.92 298.92 298.92 298.92 298.92 298.908 298.45 286.47 286.012 286 286 286 286 286 286 286 286 286 286 286 286 286 286 286 286 286 286 286 286 286 286 286 286 286 286.009 286.352 295.337 295.681 295.69 295.69 295.69 295.69 295.69 295.69 295.69 295.681 295.337 286.352 286.009 286 286 286 286 286 286 286 286 286 286 286 286 286 286 286 286 286 286 286 286 286 286 286 286 286 286 286 286 286 286 286 286 286 286 286 286 286 286 
286 286 286 286 286 286 286 286 286.013 286.48 298.59 299.057 299.07 299.07 299.07 299.07 299.07 299.07 299.07 299.057 298.59 286.48 286.013 286 286 286 286 286 286 286 286 286 286 286 286 286 286 286 286 286 286 286 286 286 286 286 286 286 286.009 286.36 295.442 295.793 295.802 295.803 295.803 295.803 295.803 295.803 295.802 295.793 295.442 286.36 286.009 286 286 286 286 286 286 286 286 286 286 286 286 286 286 286 286 286 286 286 286 286 286 286 286 286 286 286 286 286 286 286 286 286 286 286 286 286 286 
286 286 286 286 286 286 286 286 286.013 286.491 298.729 299.207 299.22 299.22 299.22 299.22 299.22 299.22 299.22 299.207 298.729 286.491 286.013 286 286 286 286 286 286 286 286 286 286 286 286 286 286 286 286 286 286 286 286 286 286 286 286 286 286.01 286.368 295.547 295.905 295.915 295.915 295.915 295.915 295.915 295.915 295.915 295.905 295.547 286.368 286.01 286 286 286 286 286 286 286 286 286 286 286 286 286 286 286 286 286 286 286 286 286 286 286 286 286 286 286 286 286 286 286 286 286 286 286 286 286 286 
286 286 286 286 286 286 286 286 286.013 286.502 298.869 299.357 299.37 299.371 299.371 299.371 299.371 299.371 299.37 299.357 298.869 286.502 286.013 286 286 286 286 286 286 286 286 286 286 286 286 286 286 286 286 286 286 286 286 286 286 286 286 286 286.01 286.376 295.652 296.018 296.028 296.028 296.028 296.028 296.028 296.028 296.028 296.018 295.652 286.376 286.01 286 286 286 286 286 286 286 286 286 286 286 286 286 286 286 286 286 286 286 286 286 286 286 286 286 286 286 286 286 286 286 286 286 286 286 286 286 286 
286 286 286 286 286 286 286 286 286.014 286.513 299.008 299.507 299.52 299.521 299.521 299.521 299.521 299.521 299.52 299.507 299.008 286.513 286.014 286 286 286 286 286 286 286 286 286 286 286 286 286 286 286 286 286 286 286 286 286 286 286 286 286 286.01 286.384 295.756 296.13 296.14 296.141 296.141 296.141 296.141 296.141 296.14 296.13 295.756 286.384 286.01 286 286 286 286 286 286 286 286 286 286 286 286 286 286 286 286 286 286 286 286 286 286 286 286 286 286 286 286 286 286 286 286 286 286 286 286 286 286 
286 286 286 286 286 286 286 286 286.014 286.524 299.147 299.657 299.671 299.671 299.671 299.671 299.671 299.671 299.671 299.657 299.147 286.524 286.014 286 286 286 286 286 286 286 286 286 286 286 286 286 286 286 286 286 286 286 286 286 286 286 286 286 286.011 286.393 295.861 296.242 296.253 296.253 296.253 296.253 296.253 296.253 296.253 296.242 295.861 286.393 286.011 286 286 286 286 286 286 286 286 286 286 286 286 286 286 286 286 286 286 286 286 286 286 286 286 286 286 286 286 286 286 286 286 286 286 286 286 286 286 
286 286 286 286 286 286 286 286 286.015 286.535 299.287 299.806 299.821 299.821 299.821 299.821 299.821 299.821 299.821 299.806 299.287 286.535 286.015 286 286 286 286 286 286 286 286 286 286 286 286 286 286 286 286 286 286 286 286 286 286 286 286 286 286.011 286.401 295.965 296.355 296.366 296.366 296.366 296.366 296.366 296.366 296.366 296.355 295.965 286.401 286.011 286 286 286 286 286 286 286 286 286 286 286 286 286 286 286 286 286 286 286 286 286 286 286 286 286 286 286 286 286 286 286 286 286 286 286 286 286 286 
286 286 286 286 286 286 286 286 286.015 286.546 299.426 299.956 299.971 299.971 299.971 299.971 299.971 299.971 299.971 299.956 299.426 286.546 286.015 286 286 286 286 286 286 286 286 286 286 286 286 286 286 286 286 286 286 286 286 286 286 286 286 286 286.011 286.409 296.069 296.467 296.478 296.479 296.479 296.479 296.479 296.479 296.478 296.467 296.069 286.409 286.011 286 286 286 286 286 286 286 286 286 286 286 286 286 286 286 286 286 286 286 286 286 286 286 286 286 286 286 286 286 286 286 286 286 286 286 286 286 286 
286 286 286 286 286 286 286 286 286.016 286.557 299.565 300.106 300.121 300.122 300.122 300.122 300.122 300.122 300.121 300.106 299.565 286.557 286.016 286 286 286 286 286 286 286 286 286 286 286 286 286 286 286 286 286 286 286 286 286 286 286 286 286 286.012 286.418 296.173 296.579 296.591 296.591 296.591 296.591 296.591 296.591 296.591 296.579 296.173 286.418 286.012 286 286 286 286 286 286 286 286 286 286 286 286 286 286 286 286 286 286 286 286 286 286 286 286 286 286 286 286 286 286 286 286 286 286 286 286 286 286 
286 286 286 286 286 286 286 286 286.016 286.568 299.703 300.256 300.272 300.272 300.272 300.272 300.272 300.272 300.272 300.256 299.703 286.568 286.016 286 286 286 286 286 286 286 286 286 286 286 286 286 286 286 286 286 286 286 286 286 286 286 286 286 286.012 286.426 296.278 296.692 296.704 296.704 296.704 296.704 296.704 296.704 296.704 296.692 296.278 286.426 286.012 286 286 286 286 286 286 286 286 286 286 286 286 286 286 286 286 286 286 286 286 286 286 286 286 286 286 286 286 286 286 286 286 286 286 286 286 286 286 
286 286 286 286 286 286 286 286 286.017 286.58 299.842 300.405 300.422 300.422 300.422 300.422 300.422 300.422 300.422 300.405 299.842 286.58 286.017 286 286 286 286 286 286 286 286 286 286 286 286 286 286 286 286 286 286 286 286 286 286 286 286 286 286.013 286.435 296.382 296.804 296.816 296.817 296.817 296.817 296.817 296.817 296.816 296.804 296.382 286.435 286.013 286 286 286 286 286 286 286 286 286 286 286 286 286 286 286 286 286 286 286 286 286 286 286 286 286 286 286 286 286 286 286 286 286 286 286 286 286 286 
286 286 286 286 286 286 286 286 286.017 286.591 299.981 300.555 300.572 300.572 300.572 300.572 300.572 300.572 300.572 300.555 299.981 286.591 286.017 286 286 286 286 286 286 286 286 286 286 286 286 286 286 286 286 286 286 286 286 286 286 286 286 286 286.013 286.444 296.486 296.916 296.929 296.929 296.929 296.929 296.929 296.929 296.929 296.916 296.486 286.444 286.013 286 286 286 286 286 286 286 286 286 286 286 286 286 286 286 286 286 286 286 286 286 286 286 286 286 286 286 286 286 286 286 286 286 286 286 286 286 286 
286 286 286 286 286 286 286 286 286.018 286.603 300.119 300.705 300.722 300.723 300.723 300.723 300.723 300.723 300.722 300.705 300.119 286.603 286.018 286 286 286 286 286 286 286 286 286 286 286 286 286 286 286 286 286 286 286 286 286 286 286 286 286 286.013 286.452 296.59 297.029 297.042 297.042 297.042 297.042 297.042 297.042 297.042 297.029 296.59 286.452 286.013 286 286 286 286 286 286 286 286 286 286 286 286 286 286 286 286 286 286 286 286 286 286 286 286 286 286 286 286 286 286 286 286 286 286 286 286 286 286 
286 286 286 286 286 286 286 286 286.018 286.615 300.258 300.855 300.872 300.873 300.873 300.873 300.873 300.873 300.872 300.855 300.258 286.615 286.018 286 286 286 286 286 286 286 286 286 286 286 286 286 286 286 286 286 286 286 286 286 286 286 286 286 286.014 286.461 296.693 297.141 297.154 297.155 297.155 297.155 297.155 297.155 297.154 297.141 296.693 286.461 286.014 286 286 286 286 286 286 286 286 286 286 286 286 286 286 286 286 286 286 286 286 286 286 286 286 286 286 286 286 286 286 286 286 286 286 286 286 286 286 
